0.39553538,0.52411628,0.01006662,0.04000846,09
0.40989828,0.55848128,0.01055268,0.02873135,09
0.61588877,0.60110343,0.00754834,0.02810277,09
0.52057660,0.67093688,0.07497579,0.13882482,05
0.91932428,0.75922465,0.16315098,0.21398340,02
0.70949590,0.72513092,0.15834478,0.19092956,02
0.81969327,0.72725785,0.09496149,0.12967756,02
0.63512444,0.67226070,0.04448669,0.06123522,02
0.46188563,0.65395278,0.02356992,0.04009549,02
0.31456617,0.65076631,0.01129160,0.03825166,00
0.27963859,0.68666333,0.01280427,0.07043871,00
0.33571476,0.64564252,0.01098369,0.03263096,00

