0.61622512,0.60397524,0.00806730,0.02941159,09
0.40778056,0.55952758,0.00965613,0.02679077,09
0.52005160,0.67189276,0.07436658,0.14268887,05
0.92146033,0.75895971,0.16011268,0.21087557,02
0.70982230,0.72431928,0.15863945,0.18979670,02
0.83224326,0.72869241,0.11425798,0.14342314,02
0.63530672,0.67134649,0.04476877,0.05886448,02
0.46240538,0.65263259,0.02202110,0.03618794,02
0.27941000,0.68731743,0.01460857,0.08177005,00
0.13078624,0.69192785,0.01872308,0.07757951,00
0.31167576,0.64678311,0.01125319,0.04048390,00
0.33898300,0.64335287,0.01011236,0.03168624,00

