0.40925765,0.55992657,0.01077179,0.03095350,09
0.39493087,0.51751000,0.01023579,0.03804699,09
0.51986492,0.67195445,0.07384837,0.14225234,05
0.92523080,0.76023173,0.15192832,0.20932439,02
0.83265638,0.72992444,0.11313508,0.13678350,02
0.70891297,0.72515517,0.15733300,0.18926366,02
0.63518679,0.67143613,0.04275079,0.05429063,02
0.46197301,0.65284568,0.02223704,0.03615282,02
0.27923459,0.68756413,0.01407317,0.07264274,00
0.31233799,0.64542586,0.01214415,0.03760406,00
0.33817163,0.64392442,0.01070470,0.03402914,00

