0.51737648,0.67076355,0.07729205,0.13730364,05
0.87757587,0.74073708,0.17821203,0.17395237,02
0.71652496,0.72692573,0.15554214,0.19655447,02
0.96951997,0.78931636,0.06874669,0.20368618,02
0.63995522,0.66913956,0.04048786,0.05936134,02
0.44271111,0.65719032,0.02393421,0.03876256,02
0.25434184,0.68903774,0.01771106,0.09175133,00
0.30832949,0.65880924,0.01017359,0.03359770,00
0.33796906,0.64727539,0.00972343,0.03298564,00
0.07254498,0.69529462,0.02084547,0.10304262,00
0.08046979,0.69647598,0.02196719,0.09635531,00
0.29527980,0.65574449,0.01021799,0.04428162,00

