0.51709163,0.67096478,0.07876500,0.13261460,05
0.89570749,0.75425130,0.19299108,0.20194493,02
0.71930707,0.72698790,0.15991008,0.19647302,02
0.64230478,0.66871446,0.03882742,0.05717020,02
0.45913464,0.65647918,0.02663614,0.04241417,02
0.06256506,0.69803256,0.02264444,0.09808852,00
0.33669037,0.65194249,0.00888459,0.03080546,00
0.31014311,0.66037846,0.01239743,0.03274098,00
0.29350421,0.65838975,0.01155562,0.04337217,00
0.36340940,0.65263611,0.00867236,0.02912128,00
0.25134164,0.69366229,0.01625664,0.08681884,00

