0.51636785,0.66987550,0.08169565,0.12851125,05
0.90553236,0.75663143,0.17682867,0.19830468,02
0.72255504,0.72896320,0.15970606,0.19904123,02
0.64349735,0.67007136,0.03942097,0.06137118,02
0.45964074,0.65988892,0.02721481,0.04028758,02
0.44361934,0.66347814,0.02516585,0.03589757,02
0.05761237,0.69929600,0.02423375,0.10068326,00
0.24785063,0.69302595,0.01773101,0.07572518,00
0.31017756,0.66127515,0.01095775,0.03396822,00
0.29146516,0.66540593,0.01176165,0.04606355,00
0.33702606,0.65343040,0.00878699,0.03094250,00
0.36348471,0.65337092,0.00939651,0.03352406,00

