0.51686347,0.66980273,0.07944003,0.13221446,05
0.90701437,0.75597405,0.17558978,0.19346111,02
0.72504550,0.72680432,0.15861775,0.19926639,02
0.64432007,0.66840035,0.03858734,0.05986618,02
0.44335419,0.66171461,0.02375274,0.03774974,02
0.45935297,0.65627730,0.02557463,0.04223640,02
0.24501567,0.69224143,0.01878219,0.08557782,00
0.04779480,0.69687188,0.01915445,0.09638538,00
0.30809680,0.66048640,0.01445516,0.03328202,00
0.36283687,0.64812130,0.00919637,0.03116472,00
0.29037139,0.65872830,0.01249901,0.04680319,00
0.33627993,0.64762890,0.00961815,0.03220572,00

