0.37062952,0.48611844,0.01398075,0.04175102,09
0.62911421,0.59822839,0.00825488,0.02831319,09
0.51722175,0.67158848,0.07961257,0.14399596,05
0.91845530,0.75875884,0.16128582,0.21173285,02
0.73175699,0.72336143,0.16007137,0.19874915,02
0.65565026,0.66148448,0.04678109,0.05991017,02
0.44198686,0.65408576,0.02613558,0.03678706,02
0.46195775,0.65024126,0.02080468,0.03514111,02
0.30790812,0.64637506,0.01242861,0.03178479,00
0.28995964,0.64913726,0.01211685,0.03650181,00
0.33217880,0.64221454,0.01072142,0.03508758,00
0.35878986,0.64288920,0.00943343,0.02987799,00

