0.62830806,0.59667683,0.00756317,0.02938434,09
0.51706350,0.67128623,0.08065413,0.14426018,05
0.92335349,0.77265370,0.14789492,0.22364573,02
0.73228639,0.72381932,0.16013680,0.20120963,02
0.65549374,0.66037261,0.04676788,0.06382325,02
0.44198495,0.65336639,0.02797109,0.03882554,02
0.30740085,0.64536077,0.01282160,0.03812029,00
0.33144155,0.64211917,0.01071056,0.03662236,00
0.01315927,0.69070816,0.01940665,0.10170344,00
0.35918945,0.64217156,0.00909151,0.03115922,00
0.23314798,0.68838722,0.01812183,0.09797493,00
0.28890851,0.65097946,0.01408824,0.04099509,00

