0.36930034,0.48246112,0.01599410,0.03632450,09
0.62837118,0.60067338,0.00909041,0.03447057,09
0.51709497,0.67095071,0.07931758,0.14868845,05
0.73218715,0.71823984,0.16275869,0.19891013,02
0.92477417,0.77327347,0.14238696,0.22654517,02
0.65666473,0.65945363,0.04506598,0.06385954,02
0.44444084,0.64907777,0.03575338,0.05320031,02
0.30832973,0.64386028,0.01036742,0.03162903,00
0.35933816,0.63972723,0.00953702,0.03007068,00
0.28903919,0.64680576,0.01086898,0.03568185,00
0.21510229,0.65351266,0.01411474,0.04981729,00
0.33259940,0.63843721,0.00909450,0.02705848,00

