0.36891335,0.48115137,0.01651578,0.03789517,09
0.51673806,0.67093641,0.07906964,0.14595200,05
0.73260343,0.71805930,0.16450086,0.20089461,02
0.92590791,0.76060516,0.14329396,0.21246433,02
0.44465160,0.64843589,0.03435755,0.05194620,02
0.65695047,0.65827161,0.04582608,0.06280018,02
0.45957771,0.64641762,0.02169221,0.03945961,02
0.30745700,0.64294219,0.01098973,0.03372296,00
0.28880012,0.64969665,0.01260218,0.03932037,00
0.35957092,0.63871759,0.00968498,0.03077333,00
0.22949612,0.66776496,0.01514815,0.07398361,00
0.21344526,0.65418905,0.01448142,0.04580004,00

