0.36846688,0.48001871,0.01499367,0.03930289,09
0.62926233,0.59904975,0.00823532,0.03006416,09
0.51704752,0.67019039,0.08084014,0.14639752,05
0.73475051,0.71950537,0.16581787,0.19684106,02
0.93352187,0.75850010,0.13794351,0.21778695,02
0.65905893,0.66051704,0.04538165,0.06402157,02
0.44396609,0.64930254,0.03442146,0.05175414,02
0.30886102,0.64498061,0.01271530,0.03470349,00
0.28854066,0.65142095,0.01520052,0.04194457,00
0.22695753,0.68887526,0.01694036,0.09330641,00
0.35881454,0.63933671,0.01006758,0.03047127,00

