0.36639526,0.47740018,0.01586621,0.03587710,09
0.51758206,0.66999996,0.07932013,0.14665614,05
0.73760611,0.71910065,0.16116589,0.20210597,02
0.93862963,0.77930760,0.13294564,0.17467979,02
0.65918076,0.65733761,0.04746773,0.07002256,02
0.44416302,0.64859778,0.03561844,0.04945369,02
0.45959550,0.64524037,0.02264470,0.03892398,02
0.31221989,0.64139014,0.01061348,0.03400140,00
0.28836882,0.64834821,0.01226346,0.03899820,00
0.33019751,0.63942611,0.00980379,0.03315093,00
0.21292329,0.65594554,0.01590958,0.05220876,00

