0.36522165,0.47655293,0.01666993,0.03808246,09
0.62969649,0.60011941,0.00829909,0.03365070,09
0.51694763,0.67095202,0.07891789,0.14711222,05
0.73876631,0.71906692,0.16229981,0.20164041,02
0.93798572,0.77652335,0.11361957,0.22529361,02
0.66022491,0.66090328,0.04806617,0.06798538,02
0.44351292,0.64866376,0.03270169,0.04911867,02
0.28849486,0.64846003,0.01368219,0.03559531,00
0.31388962,0.64193904,0.01010696,0.03046727,00
0.35876185,0.64058650,0.00914674,0.03025204,00
0.33086401,0.64031100,0.00887447,0.03248604,00
0.21445799,0.65957600,0.01593362,0.05441042,00

