0.36337048,0.46868861,0.01504780,0.04432348,09
0.63030612,0.60013127,0.00890602,0.03301159,09
0.51658148,0.67086011,0.08004793,0.14690456,05
0.74070799,0.71894878,0.16843860,0.19672044,02
0.95375812,0.75715375,0.08754752,0.23425119,02
0.66154337,0.66204792,0.04837980,0.06609931,02
0.44199342,0.64897239,0.03716393,0.05021009,02
0.31581247,0.63829607,0.01071567,0.03576779,00
0.28786534,0.64476484,0.01336950,0.03719898,00
0.21431561,0.65778190,0.01706344,0.06210228,00
0.35746479,0.63742441,0.00958010,0.02809856,00

