0.34660926,0.44863912,0.02107508,0.04544326,09
0.39023179,0.52960819,0.01339706,0.03241169,09
0.76706332,0.72677886,0.18486379,0.21221992,02
0.43928394,0.64730304,0.04050267,0.05353918,02
0.68949431,0.66371614,0.06157047,0.09073260,02
0.51490885,0.68150592,0.08896438,0.14350322,02
0.28447971,0.64279145,0.01338568,0.04222213,00
0.34404838,0.63837665,0.01067773,0.04367700,00
0.26028261,0.64687425,0.01444860,0.04630813,00
0.31057352,0.63819951,0.01138879,0.04016373,00
0.17114228,0.66056412,0.02180752,0.08119440,00

