0.34615338,0.44966686,0.02263278,0.04953826,09
0.51660442,0.67162037,0.08300224,0.14495495,05
0.76955849,0.72674125,0.18771082,0.21792060,02
0.69329149,0.66839379,0.06027755,0.08978120,02
0.43959379,0.64714360,0.03891850,0.05116244,02
0.28131759,0.64436895,0.01272786,0.04253799,00
0.26007241,0.64887118,0.01459622,0.04945122,00
0.31157762,0.63992077,0.01161141,0.03881745,00
0.34444577,0.63919759,0.00982193,0.04101678,00
0.19300619,0.66006863,0.01858743,0.06119036,00
0.17028929,0.66678882,0.01975015,0.08797385,00

