0.34358051,0.44690740,0.01979786,0.05340149,09
0.39235371,0.53491795,0.01361152,0.03469996,09
0.51740444,0.67182356,0.08234172,0.15128262,05
0.77385187,0.72607499,0.18437208,0.22535066,02
0.69693291,0.66648388,0.05756443,0.09233693,02
0.44032922,0.65035754,0.03852502,0.05533142,02
0.28176850,0.64456439,0.01192906,0.04442411,00
0.34328210,0.64205140,0.01075059,0.04302783,00
0.16671354,0.68246377,0.02477707,0.11343846,00
0.31036356,0.64012837,0.01119419,0.03965941,00
0.25868320,0.64741951,0.01479618,0.05518124,00
0.19179654,0.66189873,0.01829309,0.06398617,00

