0.34001940,0.44403264,0.01804879,0.05933129,09
0.51748949,0.67241585,0.08239261,0.14692129,05
0.77782792,0.73152840,0.18448961,0.22501116,02
0.43884739,0.65211964,0.04023374,0.05497845,02
0.70497042,0.66848743,0.07114506,0.08696319,02
0.51713890,0.68273729,0.08946716,0.14164609,02
0.16310905,0.68306714,0.02430302,0.10619709,00
0.30747029,0.64366710,0.01076108,0.04332366,00
0.33859253,0.64185750,0.00934193,0.04002309,00
0.28203163,0.64662564,0.01151177,0.04068600,00
0.26217943,0.64747244,0.01306687,0.04941312,00

