0.33658701,0.44513667,0.01911219,0.06131583,09
0.51671797,0.67263722,0.08268820,0.14432056,05
0.78193325,0.73268628,0.18705377,0.22388017,02
0.70836192,0.66628957,0.07300997,0.08946333,02
0.43713087,0.65170342,0.03689396,0.05414686,02
0.26592320,0.64861900,0.01394298,0.05325514,00
0.15512481,0.68721849,0.02230377,0.10238982,00
0.28063780,0.64406478,0.01140659,0.04540416,00
0.18203160,0.66302371,0.01781174,0.05855785,00
0.30745170,0.64110339,0.01031867,0.03945861,00
0.33847439,0.64297706,0.01041134,0.03571396,00
0.24526301,0.65706784,0.01329704,0.06230799,00

