0.33437225,0.44340149,0.01914201,0.05575853,09
0.38726023,0.53729975,0.01373672,0.03478765,09
0.51634634,0.67184228,0.08471254,0.14580360,05
0.78889155,0.73828560,0.19594331,0.23016022,02
0.71781099,0.66714662,0.07478746,0.08668746,02
0.26596299,0.64964372,0.01488025,0.05205199,00
0.14219408,0.68688864,0.02571705,0.10379922,00
0.33620459,0.64576370,0.01069921,0.04022742,00
0.28349507,0.64672881,0.01288696,0.04305483,00
0.30580121,0.64308792,0.01098796,0.03785926,00
0.24117935,0.65144593,0.01540094,0.05920043,00
0.64136171,0.65053618,0.01375427,0.04560299,00

