0.33275995,0.43959582,0.01915788,0.06048883,09
0.51596940,0.67225724,0.08634815,0.14112310,05
0.79128087,0.73748326,0.19761874,0.22262917,02
0.71687406,0.66504496,0.07396768,0.09352835,02
0.43593591,0.65485805,0.03998265,0.05531083,02
0.51521766,0.68406558,0.08937674,0.13916416,02
0.26680905,0.64877951,0.01478390,0.04699991,00
0.13620117,0.69022107,0.02546859,0.11172961,00
0.24011242,0.65330625,0.01685022,0.06113173,00
0.33681604,0.64438128,0.01030170,0.03682115,00
0.28514382,0.64643383,0.01358006,0.03926937,00
0.64101160,0.64641058,0.01360525,0.04794248,00
0.30483612,0.64333123,0.01059440,0.03603507,00

