0.32999486,0.44009438,0.02121568,0.05785451,09
0.51534069,0.67153656,0.08689336,0.14569221,05
0.79286885,0.73898590,0.20146884,0.22537518,02
0.71931559,0.66406763,0.07222620,0.08951262,02
0.51529545,0.68330669,0.09027430,0.13848758,02
0.43546781,0.65414131,0.04225447,0.05842894,02
0.26698434,0.64988297,0.01479007,0.04936633,00
0.23891664,0.65620506,0.01818174,0.06795952,00
0.33636969,0.64619106,0.01129655,0.04044234,00
0.13379350,0.68944287,0.02428044,0.10483313,00
0.16664021,0.66925853,0.02475548,0.05781097,00
0.28541633,0.64738399,0.01384324,0.04123550,00
0.30511457,0.64442390,0.01135912,0.03930175,00

