0.32783964,0.43818665,0.01805514,0.06424904,09
0.51565987,0.67146724,0.08459006,0.14431803,05
0.79471743,0.74450916,0.20984723,0.22093627,02
0.71906942,0.65956783,0.04896191,0.05890711,02
0.33412328,0.64473641,0.01127593,0.04115183,00
0.23794994,0.65934265,0.01638011,0.05978325,00
0.26550883,0.65006548,0.01369074,0.04641977,00
0.68049461,0.65181273,0.01473281,0.05781714,00
0.16544111,0.66972804,0.02451262,0.06268551,00
0.29058927,0.64620185,0.01339663,0.04000802,00
0.64252913,0.64903229,0.01309778,0.04986138,00
0.13271996,0.69162267,0.03475716,0.14279979,00

