0.32751167,0.43352979,0.02059329,0.06169332,09
0.38501906,0.53602642,0.01433550,0.04168982,09
0.51578981,0.67156929,0.08680079,0.14202601,05
0.79597479,0.74811357,0.21371679,0.22525941,02
0.73216337,0.66385263,0.07384912,0.08771867,02
0.26381144,0.65129793,0.01450471,0.04534626,00
0.16424568,0.66755444,0.02288972,0.06788786,00
0.33356023,0.64609069,0.01224264,0.03968040,00
0.23479335,0.65619397,0.01688316,0.06432294,00
0.29287753,0.64482599,0.01356146,0.04244451,00
0.12051896,0.69636428,0.03418929,0.14443585,00
0.68172234,0.65159857,0.01404906,0.05461214,00

