0.32735488,0.43335968,0.01815366,0.05758850,09
0.38514638,0.53593153,0.01433247,0.04124397,09
0.51561654,0.67158031,0.08661132,0.14253694,05
0.80560893,0.74922913,0.22092526,0.22955263,02
0.73238766,0.66203946,0.07369860,0.08678394,02
0.43426362,0.65501446,0.04249893,0.05529471,02
0.26239026,0.65004981,0.01404008,0.04603042,00
0.23348875,0.65634418,0.01794324,0.06669684,00
0.15987140,0.66762090,0.02162039,0.06224218,00
0.29236788,0.64618856,0.01253367,0.04214030,00
0.33150929,0.64728999,0.01198559,0.04097971,00
0.11452772,0.69391042,0.03627237,0.14885101,00
0.68301260,0.64995313,0.01462333,0.05644398,00
0.64173335,0.64725310,0.01451057,0.05130817,00
0.13739941,0.66391242,0.02122608,0.05802611,00
0.66840255,0.64823478,0.01333776,0.05186237,00

