0.31905776,0.42929411,0.02256704,0.05468593,09
0.51634288,0.67175490,0.08672898,0.14591238,05
0.80864888,0.74833471,0.21635096,0.22990301,02
0.73568046,0.66187626,0.07635903,0.09106598,02
0.43462071,0.65615147,0.04320028,0.05610122,02
0.26015294,0.65195245,0.01400406,0.04443195,00
0.11001851,0.69363147,0.03378763,0.14783636,00
0.29197308,0.64430213,0.01203413,0.04135361,00
0.68402594,0.65261298,0.01449156,0.05309130,00
0.32971594,0.64413476,0.01086829,0.04499393,00
0.15574744,0.66583598,0.02332766,0.05731542,00
0.23408468,0.65354449,0.01625248,0.05718311,00
0.64161909,0.64718711,0.01351029,0.04802427,00
0.13603623,0.66312999,0.02334574,0.05223735,00

