0.31732798,0.42715597,0.02455245,0.05534416,09
0.51602852,0.67183667,0.08556954,0.14606491,05
0.81016481,0.75128359,0.21775228,0.23417254,02
0.73834872,0.66218740,0.07901800,0.08867922,02
0.26044235,0.64718348,0.01454581,0.04841722,00
0.10440332,0.69369835,0.03219382,0.15091996,00
0.68484229,0.65026557,0.01368848,0.05828477,00
0.29106632,0.64389825,0.01266842,0.04362534,00
0.15507212,0.66350979,0.02186976,0.06117877,00
0.23041002,0.65330184,0.01838621,0.07053705,00
0.33016914,0.64497840,0.01145429,0.04146975,00
0.13691482,0.66491121,0.02209831,0.05605455,00
0.64326704,0.64639390,0.01385637,0.05196474,00

