0.31452239,0.42413726,0.02264735,0.05792041,09
0.51616085,0.67077488,0.08442715,0.15643862,05
0.81120938,0.75051010,0.21522099,0.24301435,02
0.73471063,0.65959966,0.05641032,0.06370509,02
0.43237010,0.65405077,0.04216573,0.05986700,02
0.26053828,0.64693242,0.01384806,0.05079257,00
0.29136354,0.64136511,0.01127477,0.04702097,00
0.11934970,0.65981579,0.01793135,0.07176353,00
0.09599535,0.69436187,0.03282179,0.13910185,00
0.32951200,0.64386815,0.01168106,0.04222122,00
0.68703282,0.64809716,0.01266380,0.05198130,00
0.15272099,0.66448534,0.02073846,0.06014943,00
0.13875036,0.66608089,0.02137355,0.05829860,00
0.64250803,0.64471942,0.01362496,0.05111167,00
0.22967353,0.64679015,0.01706639,0.06927158,00

