0.31204182,0.41705102,0.02593699,0.05796434,09
0.51612580,0.67066079,0.08649524,0.15631171,05
0.81532496,0.75182080,0.21233734,0.24847773,02
0.43208900,0.65323341,0.03966850,0.05878427,02
0.73933506,0.65993232,0.05748123,0.06201436,02
0.25976518,0.64821368,0.01473940,0.05148819,00
0.14266758,0.66696274,0.02418364,0.06179761,00
0.08819488,0.69464844,0.03574011,0.14830668,00
0.29058760,0.64330500,0.01264596,0.04413465,00
0.11507995,0.66151005,0.02133792,0.06361227,00
0.68787903,0.64991003,0.01433612,0.05641499,00
0.32843465,0.64417201,0.01188714,0.04410474,00
0.32125038,0.64023721,0.01050620,0.04429134,00

