0.30929348,0.40630022,0.02187579,0.06915753,09
0.51629388,0.67120212,0.08601502,0.15701093,05
0.82251167,0.75031173,0.21965741,0.24665919,02
0.43255752,0.65325969,0.04139170,0.05842947,02
0.51526356,0.68165052,0.09463256,0.15345399,02
0.08055756,0.69657499,0.02887165,0.15119305,00
0.11181959,0.65978563,0.02326575,0.06817725,00
0.14040029,0.66149324,0.02370307,0.05975024,00
0.25797409,0.64682740,0.01498553,0.04732871,00
0.28829652,0.64289534,0.01269954,0.04170706,00
0.68773091,0.64426500,0.01449577,0.05388669,00
0.65508509,0.64529693,0.01192541,0.05145983,00
0.64470536,0.64437848,0.01359213,0.05332923,00
0.21891823,0.65374219,0.01681067,0.06803010,00

