0.30674297,0.40646464,0.02166660,0.07152261,09
0.21172924,0.51662362,0.01568226,0.04421660,09
0.51721585,0.66947383,0.08728342,0.16170052,05
0.82552087,0.74582970,0.22546497,0.25002491,02
0.43175751,0.64887613,0.03988274,0.05893511,02
0.14029028,0.66134745,0.02168977,0.06076093,00
0.11100905,0.65772533,0.02350899,0.06872115,00
0.25750464,0.64381033,0.01357526,0.04936909,00
0.68720722,0.64231497,0.01340748,0.06206452,00
0.07772131,0.69496375,0.03107169,0.14763154,00
0.29029056,0.64064509,0.01296181,0.04449579,00
0.22050846,0.65387505,0.01779293,0.07096586,00
0.65873468,0.64217699,0.01198920,0.05517776,00
0.32131821,0.63934582,0.01078990,0.04450834,00

