0.30499727,0.40249854,0.02432069,0.06612115,09
0.21065727,0.51595289,0.01722456,0.05216584,09
0.51685745,0.66934150,0.08727074,0.16123246,05
0.83017576,0.74641955,0.22731821,0.25047049,02
0.43324718,0.64931637,0.04065707,0.05634976,02
0.10689727,0.65807360,0.01831346,0.07195028,00
0.13450898,0.66103357,0.02203247,0.06088419,00
0.07060880,0.69247699,0.02864426,0.15197678,00
0.25675741,0.64154828,0.01370806,0.05023155,00
0.68903053,0.64391196,0.01418862,0.05681025,00
0.28823963,0.64010912,0.01313256,0.04393041,00
0.21488039,0.64703041,0.01679013,0.06327055,00

