0.30294439,0.39702788,0.02600565,0.06395917,09
0.51656836,0.66970098,0.08928780,0.16159971,05
0.83371127,0.74257195,0.22945437,0.25396451,02
0.43189853,0.64822894,0.04121178,0.05701870,02
0.51531261,0.68051267,0.09669787,0.15313442,02
0.06096651,0.69341660,0.03278143,0.15414755,00
0.13220221,0.65893739,0.02349278,0.06160668,00
0.68973172,0.64121354,0.01386020,0.06375540,00
0.10899981,0.65751475,0.01870421,0.06462856,00
0.09721906,0.65764076,0.01950984,0.08420788,00
0.25620967,0.63958639,0.01276068,0.04889374,00

