0.30256805,0.38876826,0.02190610,0.06347281,09
0.37961653,0.52404422,0.01205410,0.04006448,09
0.51638329,0.66950196,0.08763002,0.16099079,05
0.83861274,0.74364376,0.23627405,0.25229996,02
0.43104330,0.64847761,0.04203204,0.05984481,02
0.51592022,0.68044555,0.09398807,0.15245160,02
0.09386136,0.65376681,0.02376162,0.08619728,00
0.05698689,0.68945271,0.03073694,0.16235156,00
0.13020423,0.65610886,0.02362596,0.05928428,00
0.69013357,0.64044863,0.01437623,0.05777314,00
0.11795864,0.65844285,0.02107096,0.05460665,00
0.31709900,0.62881440,0.01035432,0.04356097,00
0.24317865,0.63920695,0.01406640,0.05510032,00
0.28732210,0.62897992,0.01247525,0.04473004,00

