0.29530674,0.39083135,0.02402764,0.06117572,09
0.37991720,0.52289844,0.01261014,0.03886707,09
0.51719874,0.66926986,0.08875458,0.16535743,05
0.83911455,0.74020493,0.24359570,0.26120922,02
0.43052235,0.64738023,0.04393629,0.06475247,02
0.51614326,0.68065256,0.09429788,0.15439300,02
0.09151719,0.65619731,0.02460430,0.08136125,00
0.04708897,0.68941391,0.02854681,0.15717195,00
0.12921931,0.65825695,0.02781427,0.06090814,00
0.20833695,0.64656568,0.01861390,0.06814498,00
0.69038290,0.64220941,0.01447221,0.05841443,00
0.24300091,0.63964862,0.01407010,0.05300445,00
0.70593107,0.64074510,0.01397686,0.06363735,00

