0.29292944,0.38561118,0.02314210,0.05868361,09
0.20563421,0.50912499,0.01451280,0.04093241,09
0.38003522,0.52329272,0.01289092,0.03653642,09
0.51698959,0.66714543,0.08792909,0.15958200,05
0.84450376,0.74534410,0.25027028,0.26583824,02
0.43152672,0.64827383,0.04168658,0.06309346,02
0.03862981,0.69402355,0.03383573,0.16741693,00
0.08876021,0.65965182,0.02349619,0.08637688,00
0.11970711,0.66050088,0.02479022,0.05822900,00
0.24168222,0.63871223,0.01466112,0.05355827,00
0.20542732,0.64910358,0.02083774,0.06837892,00
0.69259119,0.64097232,0.01335634,0.05934250,00
0.31726021,0.62819093,0.01099521,0.04049918,00
0.70630282,0.64163607,0.01258578,0.06299495,00
0.28452933,0.62972623,0.01388266,0.04430658,00

