0.29207724,0.38230646,0.02222931,0.06405668,09
0.37980673,0.51810664,0.01431033,0.03631381,09
0.20506516,0.51095599,0.01382425,0.03994620,09
0.51632106,0.66690344,0.09068943,0.15802625,05
0.84667790,0.74833751,0.25250429,0.26284766,02
0.43053812,0.64962387,0.04763424,0.05960484,02
0.03073145,0.69505495,0.03348437,0.16973975,00
0.08328319,0.65486586,0.02269810,0.08675500,00
0.11425860,0.65917236,0.02533249,0.06667465,00
0.24191681,0.63883775,0.01510621,0.05426824,00
0.20405141,0.64776099,0.02142046,0.07336155,00
0.70683962,0.64062107,0.01411003,0.06680997,00
0.69163394,0.64021611,0.01454006,0.06174261,00
0.28480917,0.62972534,0.01400504,0.04795442,00

