0.28857970,0.37672013,0.02305343,0.06414863,09
0.37997943,0.52174717,0.01390415,0.03837030,09
0.51537257,0.66829270,0.09064415,0.15651037,05
0.84680569,0.74923068,0.25537622,0.26225066,02
0.41929895,0.64850247,0.04448246,0.06115979,02
0.51583898,0.68058580,0.09526252,0.15657450,02
0.02288153,0.69436699,0.03498549,0.16830322,00
0.11351421,0.65347230,0.02476645,0.07198135,00
0.08278779,0.65595549,0.02057660,0.07948758,00
0.24194977,0.63839281,0.01423687,0.05349566,00
0.28422818,0.62986034,0.01426919,0.04598311,00
0.31556386,0.62884688,0.01212930,0.03699568,00
0.69237590,0.63912940,0.01400707,0.05580732,00
0.20322737,0.64807743,0.02254576,0.07014472,00
0.70676482,0.64015400,0.01329794,0.05897868,00
0.06693728,0.65566808,0.02824287,0.08476407,00

