0.28528565,0.37339181,0.02449749,0.05976017,09
0.51605117,0.66825581,0.09232914,0.16390930,05
0.85695839,0.74744183,0.25485107,0.26786464,02
0.42032394,0.64622200,0.04945470,0.07027104,02
0.06625848,0.65861213,0.02371656,0.08030970,00
0.01477807,0.69361681,0.03252057,0.17818004,00
0.19469722,0.65065604,0.02052067,0.07265355,00
0.11074084,0.65658182,0.02724214,0.06151663,00
0.70726764,0.64315891,0.01285618,0.06364150,00
0.69237053,0.64045537,0.01303606,0.05989908,00
0.24057166,0.63979119,0.01352147,0.04945707,00
0.31703493,0.63812870,0.01123516,0.04641764,00

