0.28367057,0.37253544,0.02323625,0.05984303,09
0.51635301,0.66549104,0.09167215,0.16221724,05
0.85923433,0.74768519,0.26601627,0.26085988,02
0.41952723,0.64634800,0.05034647,0.07045557,02
0.06374998,0.65497595,0.02533775,0.08009036,00
0.70816362,0.64156413,0.01470250,0.06305795,00
0.19169809,0.64466274,0.02018798,0.07343582,00
0.10705455,0.65628570,0.02928928,0.06076488,00
0.69274408,0.63986897,0.01506978,0.06057864,00
0.31233856,0.62926763,0.01247674,0.04117328,00
0.25629506,0.63957679,0.01344448,0.05237548,00
0.28266764,0.62936628,0.01510783,0.04916468,00

