0.27962872,0.36004546,0.02419407,0.07560983,09
0.51586139,0.66472656,0.09102617,0.16240478,05
0.86351568,0.74543375,0.26934189,0.26448733,02
0.41896996,0.64308393,0.04833919,0.07406327,02
0.06134949,0.65350080,0.02532848,0.08451582,00
0.18848118,0.64498013,0.01902996,0.06524283,00
0.70948184,0.64076245,0.01536146,0.06340253,00
0.10655294,0.65426362,0.03245091,0.06213357,00
0.28245986,0.62900239,0.01600796,0.05254040,00
0.09593302,0.65413344,0.02374173,0.07623994,00
0.25856549,0.63002360,0.01630001,0.05592674,00
0.31195718,0.62948483,0.01330766,0.04281613,00
0.23599751,0.63768399,0.01244084,0.05111866,00
0.69306982,0.63869131,0.01560665,0.06259259,00
0.00452861,0.69462430,0.01450654,0.23114298,00

