0.27801794,0.35460410,0.02052153,0.08199763,09
0.51596487,0.66260469,0.09183509,0.16078730,05
0.86671400,0.74453151,0.26357862,0.26624146,02
0.41899815,0.64419955,0.05157759,0.07116923,02
0.18701746,0.64730078,0.02317233,0.07175209,00
0.05876857,0.65777975,0.02646321,0.08362243,00
0.09311290,0.65356821,0.02633567,0.07440545,00
0.23774609,0.63911551,0.01476329,0.05268712,00
0.70723391,0.64294487,0.01595333,0.06117195,00
0.31502563,0.63840830,0.01105076,0.04585198,00
0.25670600,0.63835329,0.01432209,0.05346472,00

