0.26877531,0.34908611,0.02267832,0.07667319,09
0.51682299,0.66131788,0.09211995,0.15604231,05
0.87313634,0.74609905,0.26481625,0.26456261,02
0.41901317,0.64598447,0.04995093,0.07072555,02
0.03912988,0.65663409,0.02757342,0.08293397,00
0.08925263,0.65324563,0.02537660,0.06974825,00
0.23676769,0.64053386,0.01407698,0.05252401,00
0.71130621,0.64481395,0.01652572,0.06019591,00
0.31409684,0.63857913,0.01247412,0.04407313,00
0.18675607,0.65157837,0.01990655,0.06765010,00
0.69257224,0.64185983,0.01658384,0.05792589,00

