0.26695731,0.34898520,0.02488003,0.06802779,09
0.18563327,0.49273500,0.01283029,0.05070391,09
0.51551163,0.65528470,0.09317885,0.15529554,05
0.87577456,0.74547255,0.25554353,0.26851019,02
0.41712680,0.64519191,0.05541071,0.06998164,02
0.03785166,0.65215009,0.02506659,0.08408464,00
0.71021843,0.64376682,0.01571910,0.06002900,00
0.23542213,0.63856548,0.01446007,0.05758427,00
0.31258681,0.63844872,0.01321318,0.04570105,00
0.18614800,0.64844197,0.01904619,0.06835369,00
0.08846046,0.65451342,0.03105301,0.06710833,00
0.26749465,0.62958282,0.01434669,0.05280754,00
0.30960447,0.62878066,0.01291301,0.03902102,00

