0.26290327,0.34343728,0.02586225,0.06803577,09
0.51485300,0.65415031,0.09396323,0.14899713,05
0.87525904,0.74607110,0.25345388,0.26761276,02
0.41563010,0.64354599,0.05021382,0.07337564,02
0.03496420,0.65501499,0.02432009,0.08271404,00
0.23457244,0.63818431,0.01361972,0.05656568,00
0.26885182,0.62935293,0.01475191,0.05351061,00
0.08571312,0.65230983,0.02900830,0.06293254,00
0.18593980,0.64387059,0.01927320,0.07507254,00
0.71038711,0.64223135,0.01629087,0.06225367,00
0.30887976,0.62894875,0.01192437,0.03763462,00
0.17266534,0.64308423,0.01625272,0.07589603,00

