0.26122469,0.33586752,0.02452251,0.06766494,09
0.51609677,0.65183312,0.09637586,0.15083362,05
0.87797374,0.74344718,0.24761547,0.26735988,02
0.41549739,0.64275646,0.05321107,0.07240199,02
0.03128036,0.64882308,0.02360144,0.09219447,00
0.71253455,0.64196056,0.01632806,0.06659624,00
0.08300291,0.65197605,0.03348108,0.06364831,00
0.23567876,0.62958175,0.01715355,0.05295095,00
0.30994222,0.62836683,0.01308539,0.04588890,00
0.26810759,0.62669826,0.01619904,0.04810685,00
0.16989937,0.64537019,0.01762611,0.07238832,00
0.18297698,0.64510417,0.01947537,0.07129030,00

