0.25837427,0.33044413,0.02701157,0.07267164,09
0.51657259,0.65066165,0.09834149,0.15381517,05
0.88016576,0.74183595,0.23914273,0.27544144,02
0.41616297,0.64267653,0.05432543,0.07264256,02
0.16410860,0.64371198,0.01811308,0.07270049,00
0.07087941,0.65179986,0.02556306,0.08259334,00
0.26713008,0.62822092,0.01465318,0.05384358,00
0.23496029,0.62972844,0.01622443,0.05934234,00
0.71530473,0.64121616,0.01586734,0.06375453,00
0.18270186,0.64261210,0.01836042,0.07022681,00
0.30898303,0.62819493,0.01277033,0.03961093,00
0.03024247,0.65225244,0.02649451,0.09321857,00
0.01851617,0.64958727,0.02270921,0.08303264,00

