0.25524288,0.32682291,0.02569055,0.07527509,09
0.51610619,0.65085506,0.09705581,0.14885579,05
0.88140315,0.74327064,0.23956601,0.27228153,02
0.41588560,0.64408243,0.05353098,0.07539946,02
0.01562422,0.65118617,0.02220261,0.09340122,00
0.71511775,0.64465547,0.01510464,0.06351249,00
0.06515978,0.65019965,0.02406621,0.07253800,00
0.18281651,0.64360076,0.01674097,0.06639539,00
0.26659739,0.62792403,0.01505973,0.05022051,00
0.16206738,0.64436358,0.01623317,0.06983882,00
0.30824867,0.62901092,0.01254582,0.04001547,00
0.23516774,0.63837272,0.01552050,0.05595497,00
0.21991554,0.63809770,0.01389548,0.05886665,00

