0.25386673,0.31794125,0.02138028,0.07975346,09
0.51619405,0.65215081,0.09590124,0.14433889,05
0.88134921,0.74190563,0.23729944,0.28006008,02
0.41637224,0.64640564,0.05465981,0.06840126,02
0.05838472,0.64977044,0.02402675,0.07868276,00
0.71624595,0.64349550,0.01719366,0.06718959,00
0.00935017,0.65363413,0.01484799,0.09228758,00
0.15874174,0.64917457,0.01800408,0.07094022,00
0.22062953,0.63892144,0.01360194,0.05670756,00
0.26513916,0.62836963,0.01482615,0.04887852,00
0.18001959,0.64767128,0.01539568,0.06409226,00
0.30864924,0.64009041,0.01287683,0.04811392,00

