0.23865442,0.30701986,0.02696285,0.06709301,09
0.16855423,0.47948477,0.01372550,0.05703984,09
0.51633704,0.65104687,0.09457100,0.14529070,05
0.88336211,0.74516749,0.23149918,0.27941722,02
0.41267791,0.64474601,0.05508448,0.06794647,02
0.05383547,0.64629656,0.09202865,0.07112923,02
0.15991005,0.64197403,0.01596278,0.07593695,00
0.71708637,0.64031541,0.01554219,0.07028601,00
0.14834979,0.64370090,0.01564518,0.07564416,00
0.21742591,0.62994713,0.01346364,0.05231651,00
0.30575275,0.62719691,0.01245746,0.04010704,00
0.23594327,0.62821990,0.01541744,0.05684206,00
0.66179413,0.62680113,0.01559134,0.06813613,00

