0.23636656,0.30214879,0.02919609,0.07244312,09
0.51710492,0.65025806,0.09622759,0.14884703,05
0.88621724,0.74078315,0.22344086,0.28168526,02
0.41242424,0.64491522,0.05561977,0.06893947,02
0.04689823,0.64447778,0.08738440,0.08706874,02
0.71863878,0.64133584,0.01563965,0.07220660,00
0.66231483,0.62869966,0.01725428,0.07197971,00
0.14588895,0.64343703,0.01789823,0.07939783,00
0.26307526,0.62750399,0.01405970,0.04889628,00
0.72992373,0.64087200,0.01528382,0.07330194,00
0.21585290,0.62934029,0.01216698,0.05057599,00
0.23578146,0.62748879,0.01413768,0.06016472,00

