0.23398700,0.29458186,0.02693368,0.07514907,09
0.51789516,0.64940077,0.09751336,0.15113316,05
0.88979733,0.74363858,0.21754405,0.28558508,02
0.41266841,0.64600253,0.05605605,0.06694704,02
0.04225388,0.64568323,0.08782069,0.08010506,02
0.13939932,0.64146715,0.01934462,0.08327106,00
0.03430446,0.64616293,0.02584095,0.07814343,00
0.73361892,0.64049816,0.01422065,0.06779844,00
0.66235638,0.62785679,0.01593522,0.06554960,00
0.26140624,0.62862337,0.01679820,0.05230566,00
0.71536338,0.64009231,0.01432352,0.06370305,00
0.29460713,0.62866116,0.01529474,0.05471230,00
0.21305263,0.63838691,0.01355866,0.05406535,00
0.23558612,0.62897766,0.01656545,0.06120831,00

