0.23002756,0.28758621,0.02719934,0.07849452,09
0.16344880,0.47596699,0.01371772,0.04716863,09
0.51827931,0.64786607,0.09868410,0.15467229,05
0.89219570,0.73959410,0.21948084,0.29026157,02
0.41198379,0.64372838,0.05849927,0.06905603,02
0.04086042,0.64591992,0.08716378,0.07777817,02
0.13701223,0.64392835,0.01791760,0.07554194,00
0.66249096,0.62637919,0.01621811,0.06435737,00
0.73290724,0.64137423,0.01492684,0.06864315,00
0.03374784,0.64773583,0.02879736,0.07950149,00
0.71637315,0.64005846,0.01468713,0.06633979,00
0.23407583,0.62834442,0.01623581,0.06099079,00
0.21366051,0.62881559,0.01395571,0.05200792,00
0.29448006,0.62791473,0.01383770,0.05284744,00
0.26187041,0.62672031,0.01615410,0.05156028,00

