0.21802263,0.28418010,0.03459684,0.08119550,09
0.51891798,0.64833772,0.09735528,0.15583582,05
0.89242345,0.73349082,0.21840340,0.29441085,02
0.41145697,0.64327592,0.05936965,0.06836745,02
0.13348582,0.64443409,0.01832328,0.07599101,00
0.73362005,0.64110976,0.01340637,0.06883326,00
0.23256251,0.62756467,0.01670071,0.06017411,00
0.71514571,0.63989872,0.01397741,0.06579740,00
0.25872025,0.62790042,0.01735072,0.05294930,00
0.29519004,0.62880141,0.01765204,0.04907720,00
0.66324741,0.62854326,0.01591329,0.06483059,00
0.21160062,0.62870729,0.01467636,0.05638021,00

