0.21427436,0.27204081,0.03193384,0.07693573,09
0.51971489,0.64462656,0.09920107,0.15848185,05
0.89475328,0.73567730,0.21610057,0.29253423,02
0.41114330,0.64279437,0.05712092,0.06984498,02
0.12838477,0.64321369,0.02046532,0.08853646,00
0.73402655,0.64098543,0.01459436,0.06855331,00
0.29456511,0.62790751,0.01450693,0.05278017,00
0.23322925,0.62736428,0.01595270,0.05966720,00
0.25780958,0.62849504,0.01500175,0.05772213,00
0.20956293,0.62923777,0.01535032,0.05416352,00
0.01220748,0.65368974,0.01542873,0.08644768,00
0.66602719,0.62810075,0.01759087,0.06263838,00
0.71421957,0.63929248,0.01502354,0.06314722,00
0.16070217,0.64303571,0.01462779,0.06401264,00

