0.21275048,0.26612598,0.03307320,0.07782285,09
0.15440775,0.47377267,0.01279259,0.04842345,09
0.15708974,0.56320590,0.01373792,0.03626908,09
0.51926529,0.64448267,0.09476081,0.15606697,05
0.89568102,0.73939544,0.20964637,0.28809297,02
0.40916800,0.63798529,0.06312069,0.08789501,02
0.37040094,0.64344132,0.04670673,0.05513177,02
0.04066476,0.64668125,0.07483555,0.07843699,02
0.29456979,0.62822586,0.01464788,0.04889920,00
0.00852852,0.64859730,0.01419374,0.08378691,00
0.23397723,0.62573981,0.01683467,0.05942096,00
0.20808871,0.62647814,0.01612040,0.05240184,00
0.73424786,0.64172632,0.01313071,0.06327519,00
0.71374059,0.62924874,0.01375580,0.05409190,00
0.12301856,0.64503640,0.01707776,0.07602257,00
0.66631824,0.62729621,0.01548349,0.06088018,00

