0.20837350,0.25949007,0.02746860,0.07255919,09
0.51942885,0.64595509,0.09473875,0.15703259,05
0.89636791,0.73520052,0.19976360,0.29661149,02
0.41047710,0.64234245,0.05547861,0.07277547,02
0.03859437,0.64303178,0.07351050,0.09116343,02
0.36839226,0.64278775,0.05043230,0.05607014,02
0.73682547,0.64065129,0.01332074,0.06859974,00
0.29403123,0.62662613,0.01336042,0.04780717,00
0.20736282,0.62842298,0.01661954,0.05414519,00
0.23457070,0.62571824,0.01604788,0.05723700,00
0.71234459,0.62927240,0.01490078,0.05783572,00
0.66731375,0.62764513,0.01685406,0.06349309,00
0.11988850,0.64277917,0.01821687,0.08068286,00
0.25592777,0.62702823,0.01668771,0.05097028,00

