0.19329625,0.25405720,0.02974663,0.07932507,09
0.20374134,0.25406620,0.02529401,0.07806803,09
0.51974523,0.64459729,0.09598357,0.15307701,05
0.90597141,0.73450476,0.19869898,0.30766252,02
0.03570708,0.64997768,0.07235865,0.08970851,02
0.41065496,0.64349008,0.05460326,0.07119987,02
0.11642750,0.64431769,0.01886743,0.08169236,00
0.73527157,0.64301723,0.01424512,0.06860060,00
0.29336792,0.62834769,0.01341123,0.04789498,00
0.20853071,0.62864321,0.01528582,0.05889799,00
0.23533539,0.62669444,0.01578748,0.05811680,00
0.66730648,0.62700218,0.01639601,0.06945765,00
0.15502414,0.64623034,0.01720429,0.06490708,00
0.25633556,0.62744510,0.01476863,0.05289003,00

