0.19107822,0.24557419,0.03680681,0.08657282,09
0.14385359,0.47611493,0.01372088,0.04667109,09
0.51997030,0.64763129,0.09515822,0.15630549,05
0.90580130,0.73555559,0.20344591,0.30899507,02
0.40631241,0.64072257,0.06353607,0.09572324,02
0.36324102,0.64571124,0.04906658,0.05605220,02
0.03283475,0.65310591,0.06610332,0.06985326,02
0.10934107,0.64354813,0.01901890,0.07951301,00
0.73682010,0.64241976,0.01459966,0.06745631,00
0.29239061,0.62815434,0.01369730,0.04842418,00
0.24233226,0.62683696,0.01513950,0.04910047,00
0.21453829,0.62975597,0.01464429,0.05117178,00

