0.18712458,0.23968185,0.03623744,0.09071560,09
0.14108409,0.47680026,0.01251423,0.04915966,09
0.52003086,0.64860350,0.09355543,0.15592076,05
0.90636861,0.73615605,0.19930571,0.30091149,02
0.40572301,0.64211738,0.06533194,0.09790159,02
0.36224964,0.64507163,0.05056612,0.05624278,02
0.03098162,0.65514177,0.06813933,0.06702302,02
0.10637722,0.64686239,0.02093438,0.08171450,00
0.73696005,0.64229572,0.01335829,0.07101261,00
0.29386392,0.63892043,0.01283454,0.05358446,00
0.24239187,0.62840199,0.01480595,0.05013990,00
0.19432971,0.63003755,0.01421607,0.04966064,00

