0.16978440,0.22592159,0.03977356,0.09342129,09
0.52023602,0.64975858,0.09515578,0.15820262,05
0.91029656,0.73816502,0.18955030,0.29235265,02
0.35723871,0.65137261,0.05743324,0.05780751,02
0.02786090,0.66146404,0.06173810,0.06705026,02
0.40609485,0.64430243,0.06330377,0.09263290,02
0.09752967,0.65166223,0.02108890,0.09430144,00
0.73948282,0.64597189,0.01634543,0.07224642,00
0.29121274,0.64026898,0.01279044,0.04843422,00
0.19480795,0.63960880,0.01425292,0.05583812,00
0.75718367,0.64279473,0.01383514,0.06755280,00
0.71185136,0.64109927,0.01508843,0.06205355,00

