0.16609451,0.21742052,0.03607185,0.09770125,09
0.51971740,0.64862919,0.09876769,0.15757681,05
0.91315937,0.73694873,0.18068191,0.29534554,02
0.40421170,0.64408833,0.06249585,0.09655523,02
0.01992520,0.66100508,0.04383767,0.07275476,02
0.35525754,0.65038288,0.06494883,0.06180406,02
0.08912229,0.64901561,0.01874476,0.08272666,00
0.74005699,0.64514065,0.01641320,0.07254221,00
0.28958562,0.64140946,0.01352340,0.05442913,00
0.19175456,0.63905346,0.01480839,0.05611710,00
0.75980538,0.64541590,0.01504299,0.07026436,00
0.23978528,0.62867808,0.01542799,0.05311235,00
0.21463326,0.62976629,0.01726651,0.06206318,00

