0.16101724,0.20784882,0.03658491,0.08993258,09
0.51995432,0.64893663,0.09646843,0.15536845,05
0.91801339,0.74613792,0.17479092,0.27634680,02
0.02000464,0.66147786,0.04212671,0.08083794,02
0.40315905,0.64684147,0.06338865,0.09307317,02
0.35253021,0.65214723,0.05906432,0.06789652,02
0.08537050,0.65191501,0.02028375,0.08635486,00
0.28838316,0.64077818,0.01346202,0.05676603,00
0.18753365,0.63980132,0.01489109,0.05637188,00
0.74061698,0.64749241,0.01672470,0.06790650,00
0.76108503,0.64616221,0.01711886,0.07477154,00
0.21300058,0.63904959,0.01640831,0.05081799,00
0.13576506,0.65170324,0.01720050,0.07202236,00
0.23938088,0.62909240,0.01554150,0.05174485,00
0.71074450,0.64033896,0.01690768,0.07258854,00

