0.15701126,0.20350121,0.03294664,0.08973951,09
0.14466402,0.19915503,0.03686451,0.08986683,09
0.52015918,0.64866543,0.09709033,0.15712972,05
0.92033845,0.74718040,0.16663006,0.27863309,02
0.01923545,0.66226631,0.03894307,0.07928690,02
0.40280256,0.65240914,0.06240503,0.08858904,02
0.34686369,0.65445173,0.05590932,0.06147088,02
0.08048029,0.65239930,0.02174317,0.09306162,00
0.74284995,0.65044582,0.01669264,0.07101315,00
0.18536584,0.64204353,0.01474146,0.05506301,00
0.76246893,0.65127236,0.01758307,0.07832620,00
0.12966461,0.65448016,0.01960717,0.08047193,00
0.28784576,0.64497828,0.01357509,0.05821230,00
0.71183389,0.64489233,0.01708566,0.06655854,00
0.68189400,0.64492506,0.01598087,0.06826416,00
0.20989783,0.64325517,0.01880442,0.04798726,00

