0.14134674,0.17735411,0.04177617,0.14297125,09
0.52031058,0.64925849,0.09603795,0.15994196,05
0.92312050,0.74846834,0.16010015,0.26825783,02
0.01588904,0.65815276,0.03160515,0.08344465,02
0.34318888,0.66020256,0.05543318,0.06346244,02
0.39678636,0.64503574,0.06191036,0.09341121,02
0.18474272,0.64131415,0.01345003,0.05742859,00
0.07357003,0.65040940,0.02081072,0.09480502,00
0.76036727,0.65080780,0.01919003,0.07844738,00
0.74390262,0.65069181,0.01765729,0.06564595,00
0.20735526,0.64062649,0.01384873,0.05282696,00
0.71367186,0.64481348,0.01777647,0.06903590,00
0.12758054,0.65602267,0.02034121,0.08398569,00

