0.13847758,0.17908679,0.03574459,0.10468020,09
0.52046347,0.64968199,0.09726389,0.16142584,05
0.92863101,0.74499333,0.15456791,0.27871051,02
0.01303014,0.65922421,0.02558672,0.08404245,02
0.34268108,0.65987861,0.05882686,0.06438948,02
0.39589939,0.64212817,0.05975239,0.09633624,02
0.06964490,0.65283734,0.02290998,0.09267403,00
0.18131004,0.64205062,0.01616203,0.05786517,00
0.76007766,0.65145272,0.01823648,0.07640740,00
0.68092996,0.64566118,0.01934060,0.07226964,00
0.71455187,0.64581573,0.01891182,0.06819617,00
0.20744172,0.63943958,0.01683971,0.05429276,00
0.74360651,0.65138876,0.01686891,0.06818526,00
0.28647599,0.64118969,0.01282216,0.05282769,00

