0.13046917,0.17110385,0.04711895,0.12011661,09
0.52054197,0.65172112,0.09426174,0.15894563,05
0.93242204,0.74131119,0.13156492,0.30023062,02
0.34022239,0.66226363,0.06463007,0.06309384,02
0.01042673,0.66406053,0.02433582,0.06886665,02
0.39556727,0.64387608,0.06227599,0.09474246,02
0.06206497,0.65673554,0.02290908,0.10039508,00
0.68086469,0.64516252,0.01706188,0.07211082,00
0.75961894,0.65446639,0.01666357,0.07653619,00
0.18004480,0.64187676,0.01502565,0.06020159,00
0.74455893,0.65208936,0.01513232,0.07143117,00
0.20571187,0.64037442,0.01563597,0.05963239,00
0.71302587,0.64823359,0.01604624,0.06220603,00
0.23244825,0.63973564,0.01418237,0.05390805,00
0.12187856,0.65468413,0.01834257,0.07710840,00

