0.11640631,0.15317006,0.03722155,0.10164011,09
0.52062768,0.65137184,0.09675512,0.16191156,05
0.93443298,0.74351859,0.13138199,0.29512191,02
0.33634621,0.66206938,0.06256079,0.06111810,02
0.39517292,0.64402235,0.06460000,0.09895309,02
0.01023704,0.66455215,0.02388306,0.07157550,02
0.05615830,0.65730637,0.02398349,0.11507359,00
0.18085699,0.64145374,0.01536615,0.06270460,00
0.75850511,0.65299052,0.01688917,0.07499882,00
0.20472746,0.64054304,0.01471808,0.06174491,00
0.68270218,0.64331216,0.01593956,0.07489677,00
0.71419311,0.64639932,0.01608708,0.06628405,00
0.74549520,0.64979064,0.01530341,0.06964369,00
0.23237166,0.63890654,0.01396455,0.05276453,00
0.28344402,0.64376384,0.01471547,0.05465706,00
0.77966154,0.64933413,0.01547097,0.07442035,00

