0.10923035,0.14021258,0.03115667,0.10614026,09
0.52152604,0.65099442,0.09548669,0.16605997,05
0.93713343,0.73804516,0.13185877,0.28982043,02
0.33373684,0.66349411,0.06663220,0.06231544,02
0.39510232,0.64635026,0.07125742,0.10006682,02
0.05251310,0.65953958,0.02360238,0.11177928,00
0.68551725,0.64273363,0.01689782,0.07609764,00
0.76060903,0.65406793,0.01647351,0.07497030,00
0.17265432,0.64581198,0.01352267,0.06860474,00
0.18424335,0.64506114,0.01671451,0.06201117,00
0.20682478,0.64078099,0.01496304,0.06560859,00
0.23085657,0.64208025,0.01732169,0.06656847,00
0.71702921,0.64550662,0.01597768,0.07216899,00
0.78062993,0.65085346,0.01744455,0.08559100,00
0.74271792,0.64928764,0.01485974,0.07053489,00
0.28376836,0.64551705,0.01393549,0.05256916,00
0.11269232,0.65707320,0.01971381,0.08354197,00

