0.10639860,0.56957936,0.01778332,0.03738417,09
0.09401768,0.12907167,0.02882435,0.11308370,09
0.06913821,0.13820744,0.02632680,0.10755769,09
0.52215511,0.65147990,0.09576238,0.16802526,05
0.93985689,0.73945671,0.13059814,0.29140127,02
0.33308807,0.66560853,0.06763925,0.06305695,02
0.39405918,0.64496422,0.07002481,0.10346405,02
0.17038032,0.64728856,0.01555638,0.06458066,00
0.04383239,0.65943116,0.02293220,0.09419531,00
0.76100320,0.65619260,0.01721512,0.07192682,00
0.19078915,0.64568168,0.01683656,0.06115626,00
0.68784082,0.64596546,0.01643271,0.06993567,00
0.78280175,0.65151936,0.01765126,0.08326704,00
0.28162652,0.64933866,0.01361003,0.04959014,00
0.10639757,0.66334039,0.02009656,0.08465572,00

