0.88864070,0.92584413,0.20946023,0.17527211,02
0.43030676,0.83046538,0.03470565,0.04525459,02
0.30532026,0.86053115,0.07150716,0.12264514,02
0.01586203,0.86774349,0.02722557,0.04132344,02
0.08419958,0.86079609,0.04324488,0.03779859,02
0.06368367,0.86113095,0.03857759,0.03511134,02
0.03488260,0.86590075,0.03762981,0.03916968,02
0.60912699,0.88199955,0.09833786,0.12059081,02
0.74241996,0.83679146,0.02113582,0.10531782,00
0.78846961,0.87733531,0.02544895,0.10028114,00
0.85607976,0.86360985,0.03229443,0.14883117,00

