0.30888900,0.86211860,0.07221366,0.12142077,02
0.43403107,0.83018082,0.03388819,0.04656998,02
0.91436327,0.92065251,0.17315833,0.17613873,02
0.01557890,0.86926347,0.02644209,0.04225968,02
0.08386610,0.86159998,0.04753631,0.04122131,02
0.03453436,0.86670429,0.03750882,0.04191484,02
0.60738838,0.88048893,0.09424286,0.11664815,02
0.06508152,0.86326110,0.03967988,0.03711652,02
0.79186982,0.88029993,0.02574342,0.10110212,00
0.74569291,0.83546084,0.02401803,0.11591097,00
0.86049736,0.87209821,0.03192649,0.18057664,00
0.65750825,0.90999317,0.05675760,0.18564615,00

