0.43550396,0.82125658,0.03475187,0.05071899,02
0.65744352,0.89070153,0.14218722,0.16056411,02
0.32105118,0.84688485,0.06828281,0.10813082,02
0.03788314,0.84700894,0.04654893,0.04789877,02
0.06381743,0.84184223,0.03837879,0.04503077,02
0.01214889,0.84524238,0.02180777,0.04696915,02
0.18728426,0.82769448,0.02369708,0.02475784,02
0.11233652,0.83012360,0.03280072,0.03682853,02
0.16284890,0.82898688,0.02273132,0.02856889,02
0.74379355,0.90166825,0.09013472,0.23335138,00
0.98516953,0.91410989,0.02739742,0.20828049,00

