0.35589010,0.81896228,0.03738684,0.06438836,02
0.48039445,0.81903660,0.05664166,0.09230139,02
0.41635591,0.79498595,0.01558059,0.02672242,02
0.43738222,0.79545921,0.02011747,0.03391252,02
0.01324581,0.84117156,0.02239182,0.04721120,02
0.11455779,0.82848352,0.03481899,0.03406966,02
0.18334642,0.81999749,0.03422899,0.03044590,02
0.16725293,0.82424319,0.04695405,0.03207075,02
0.05848895,0.84228766,0.03330908,0.03381690,02
0.62931955,0.81849420,0.02097431,0.10843416,00
0.70666355,0.80379528,0.01845837,0.10083601,00

