0.08465277,0.22260696,0.02156399,0.06787547,09
0.89123696,0.52047986,0.17956842,0.72775501,07
0.43421134,0.45394373,0.18771787,0.37433085,05
0.88963807,0.45670322,0.18363342,0.82795775,05
0.05858066,0.52633822,0.12762953,0.11018137,02
0.25946215,0.50170994,0.09139871,0.08160309,02
0.31833023,0.51186693,0.03059668,0.05042537,02
0.33252859,0.50950247,0.03549549,0.05486373,02
0.71356702,0.51332766,0.01984773,0.09251675,00
0.76613653,0.52722424,0.03099532,0.16768518,00
0.64179689,0.51712674,0.01302084,0.06134551,00
0.78138816,0.52851105,0.02863648,0.16330481,00
0.60560715,0.51283455,0.01267768,0.06059364,00

