0.43472800,0.45618898,0.19143815,0.37563419,05
0.91216165,0.45391417,0.17884372,0.83381474,05
0.26148829,0.49516496,0.08870065,0.09014651,05
0.31935588,0.50783288,0.03096510,0.04863876,02
0.05719950,0.52528912,0.11800930,0.11423731,02
0.25807375,0.50162035,0.08851112,0.08357234,02
0.76880962,0.53083885,0.03604784,0.17730495,00
0.71617550,0.51146865,0.02173092,0.09509441,00
0.81414682,0.52780110,0.02710076,0.16906694,00
0.78242385,0.53091025,0.03282329,0.18229383,00
0.64351898,0.51457894,0.01397589,0.07063472,00
0.68554896,0.51676255,0.02062466,0.06644713,00
0.60573351,0.51213986,0.01251169,0.05898829,00
0.73521721,0.51146448,0.01888744,0.07768882,00

