0.08735439,0.20736064,0.02385178,0.06357536,09
0.43723878,0.45328170,0.19019201,0.36836493,05
0.91661787,0.45163095,0.16195461,0.89173019,05
0.26127213,0.49473715,0.08695291,0.08947688,05
0.05481819,0.52499884,0.11614005,0.12924188,02
0.32035419,0.50699878,0.03297335,0.04700068,02
0.81638449,0.52628243,0.03062797,0.16632548,00
0.71607161,0.51339531,0.02170206,0.09088608,00
0.78328145,0.53013033,0.03047094,0.17591158,00
0.68659967,0.51779103,0.01998685,0.06728388,00
0.76883316,0.53016263,0.03429789,0.17131367,00
0.64307272,0.51587856,0.01401746,0.06179990,00
0.73547822,0.51226825,0.01892787,0.07873840,00
0.60563177,0.51564926,0.01398183,0.05315312,00

