0.43822631,0.45200485,0.18762323,0.36948895,05
0.92300284,0.45158547,0.15161444,0.85287607,05
0.04541342,0.51883256,0.09090542,0.11976586,02
0.31949478,0.50737482,0.03778343,0.05061239,02
0.78747350,0.53114963,0.03723451,0.17281489,00
0.82099533,0.52393216,0.03075618,0.16020323,00
0.73190922,0.51233655,0.02151399,0.09937545,00
0.71263504,0.51370358,0.01947354,0.08647680,00
0.68833554,0.51618063,0.01869366,0.06643443,00
0.64420199,0.51646149,0.01450761,0.06646819,00
0.60692888,0.51236886,0.01365017,0.06350325,00
0.76843578,0.52435791,0.03039757,0.16038321,00
0.76112783,0.51459700,0.01934013,0.09299395,00

