0.43759656,0.45360792,0.18133487,0.37229395,05
0.92646629,0.45643476,0.13762596,0.85398740,05
0.04306019,0.52173001,0.09039267,0.12493422,02
0.31939822,0.50474799,0.03339318,0.04589564,02
0.73197955,0.51601517,0.02049982,0.09843747,00
0.78699541,0.53022224,0.03973146,0.17766711,00
0.82765406,0.52376109,0.03304699,0.17089909,00
0.64440000,0.51595062,0.01479144,0.06652584,00
0.71066564,0.51482546,0.01551439,0.07752039,00
0.68849897,0.51743311,0.01694222,0.06510047,00
0.60634100,0.51313329,0.01479954,0.06177784,00
0.11246477,0.51693058,0.01423262,0.06817207,00

