0.44156402,0.45616725,0.18871614,0.36753628,05
0.93252450,0.46019173,0.13179332,0.87010878,05
0.04537191,0.56154901,0.08930975,0.26247886,02
0.31929427,0.50355846,0.03353054,0.04782354,02
0.25709635,0.49469149,0.08544123,0.08665545,02
0.83226806,0.53265315,0.03385017,0.17022935,00
0.73282981,0.51658565,0.02113469,0.09913342,00
0.78905606,0.52774733,0.03502342,0.17433922,00
0.68933117,0.51528305,0.01552608,0.06510212,00
0.71088940,0.51382738,0.01581881,0.07637236,00
0.64657950,0.51769966,0.01305073,0.06634255,00
0.60572004,0.51505536,0.01419019,0.05683149,00
0.10914776,0.51778442,0.01419482,0.06398138,00

