0.44286171,0.45465955,0.19137147,0.37912759,05
0.31915963,0.50368202,0.03376163,0.04760513,02
0.04277639,0.56048560,0.08382748,0.28930435,02
0.25598389,0.50120920,0.08740374,0.08183937,02
0.83543223,0.52753150,0.03244957,0.16750948,00
0.73366189,0.51569903,0.02259556,0.09902555,00
0.80599391,0.52780956,0.03058897,0.17876811,00
0.64623642,0.51751691,0.01398923,0.06724257,00
0.78814876,0.52710241,0.03260414,0.17244580,00
0.70915997,0.51425362,0.01699896,0.07719285,00
0.60496187,0.51404423,0.01418366,0.05939138,00
0.86764681,0.51741087,0.02110837,0.09542276,00
0.69156897,0.51692957,0.01740493,0.06563589,00
0.87868375,0.51780421,0.01972789,0.12089977,00
0.76703203,0.51445317,0.02043176,0.09234135,00

