0.92869645,0.18011494,0.02704445,0.11474203,09
0.43941417,0.45507622,0.18968776,0.37833247,05
0.31686622,0.50741494,0.03358984,0.04984653,02
0.19507976,0.52333409,0.04508484,0.04865422,02
0.03654739,0.51861763,0.07373182,0.12435557,02
0.83928841,0.53159207,0.03507185,0.18365489,00
0.73577851,0.51785576,0.02263150,0.09806950,00
0.78986388,0.52788764,0.03477278,0.17481023,00
0.80722535,0.53263199,0.03468958,0.18664321,00
0.87949932,0.53041822,0.02927422,0.14755985,00
0.70813113,0.51456410,0.01846116,0.07559584,00
0.69058263,0.51608312,0.01792742,0.06680317,00
0.64691228,0.51449615,0.01392546,0.06581847,00
0.60796893,0.51488703,0.01422089,0.05905968,00
0.10495871,0.51934397,0.01488450,0.06514754,00

