0.93852776,0.17233436,0.02195298,0.10608331,09
0.44075257,0.45621833,0.18660827,0.36580077,05
0.25608975,0.49405226,0.08648799,0.09222591,05
0.19373105,0.52293456,0.04534405,0.05020502,02
0.31750667,0.50831711,0.03561761,0.05252111,02
0.03575141,0.55654633,0.07274079,0.29404795,02
0.84582031,0.53468281,0.03289287,0.18733795,00
0.88361275,0.53484923,0.02905046,0.15409924,00
0.73763001,0.52013677,0.02153062,0.09841122,00
0.71075267,0.51599145,0.01683487,0.07870569,00
0.81218320,0.53508180,0.04083942,0.18838768,00
0.69016689,0.51644325,0.01547225,0.07302667,00
0.78935516,0.52660739,0.03254348,0.16332275,00
0.64770997,0.51637882,0.01444871,0.06476595,00
0.10414145,0.51803851,0.01407637,0.06867190,00

