0.94703752,0.16888490,0.02364535,0.11178501,09
0.44220090,0.45729563,0.18570970,0.35779452,05
0.18975866,0.52736366,0.04119672,0.05025645,02
0.31552127,0.51041865,0.03048941,0.05248430,02
0.03009688,0.56661856,0.05930586,0.22874102,02
0.89013845,0.53128183,0.02913392,0.15849157,00
0.73888314,0.52045482,0.02247874,0.09525350,00
0.85256112,0.53584176,0.03495792,0.18235250,00
0.80926150,0.53648216,0.04570759,0.18960454,00
0.71047127,0.51670003,0.01837573,0.07703841,00
0.69141102,0.51898873,0.01687125,0.07153968,00
0.79423767,0.52895337,0.03605270,0.16027853,00
0.64793313,0.52070743,0.01491752,0.06382117,00

