0.95993471,0.16605648,0.02866671,0.12289945,09
0.44417864,0.45410898,0.18713866,0.36874747,05
0.18680541,0.53220809,0.04415174,0.04775502,02
0.31535086,0.50889194,0.03710818,0.05804766,02
0.02764911,0.56930900,0.05199292,0.23160866,02
0.25384134,0.50243515,0.09072462,0.08761097,02
0.85538161,0.53733170,0.03277165,0.18774378,00
0.89458686,0.53437924,0.02799664,0.15767100,00
0.74032503,0.52494812,0.02068390,0.08397440,00
0.81129628,0.53614396,0.04546029,0.19318467,00
0.71144265,0.51975906,0.01914118,0.07433350,00
0.69158494,0.51918942,0.01747602,0.06932914,00
0.65291429,0.52101988,0.01578664,0.07041429,00
0.78400666,0.52166367,0.01844121,0.08787397,00

