0.96967429,0.16258927,0.02847378,0.11708811,09
0.44446510,0.45558241,0.18964259,0.36526859,05
0.18807191,0.53323728,0.04780146,0.04854398,02
0.31446952,0.51018947,0.03609553,0.06073936,02
0.02241682,0.57211804,0.04627459,0.22311224,02
0.89725792,0.53696555,0.02911454,0.16664730,00
0.85918987,0.53779417,0.03172624,0.18742029,00
0.73941493,0.52415258,0.01907483,0.08144884,00
0.71297234,0.52192628,0.01880683,0.07863547,00
0.81170577,0.53539842,0.04120871,0.19021663,00
0.78464001,0.52619570,0.01912968,0.08540750,00
0.65321767,0.51945108,0.01539151,0.06721758,00
0.69286859,0.52290672,0.01563910,0.06901194,00
0.83332729,0.53386784,0.03196709,0.19006829,00
0.09668419,0.52505356,0.01295868,0.06977864,00

