0.98206472,0.15595926,0.02448925,0.12962054,09
0.03660944,0.18426804,0.02827396,0.06938832,09
0.44517127,0.45411110,0.19204699,0.36712313,05
0.31191823,0.51429915,0.03453268,0.05807770,02
0.18557216,0.53222668,0.04315186,0.04774711,02
0.86553413,0.53883213,0.03340069,0.19639708,00
0.90361357,0.53856450,0.03009394,0.15507002,00
0.73793501,0.52314383,0.01780038,0.08013114,00
0.83621836,0.53513306,0.03523844,0.19176967,00
0.71173930,0.52346027,0.01989250,0.07533302,00
0.78875721,0.52716959,0.01912750,0.09126871,00
0.65464288,0.52451968,0.01460511,0.05829364,00
0.80961579,0.53355104,0.03327355,0.17719516,00
0.75718099,0.52453989,0.01934763,0.09329644,00
0.69443214,0.52423233,0.01765202,0.07208046,00
0.04677565,0.52567846,0.01633793,0.07358782,00
0.09101400,0.52637416,0.01410502,0.06269082,00

