0.44346046,0.45502144,0.19266203,0.36531171,05
0.31055480,0.51299125,0.03824976,0.05762398,02
0.18417612,0.53232771,0.04774072,0.04803455,02
0.16837814,0.53275889,0.03540663,0.04563079,02
0.83885276,0.53639764,0.03908610,0.19339073,00
0.90766591,0.53800923,0.03163121,0.15322544,00
0.70988208,0.52409631,0.01966106,0.08184834,00
0.75977600,0.52878511,0.02138793,0.10725899,00
0.73501807,0.52388728,0.01664881,0.07840247,00
0.87176037,0.53736520,0.03198208,0.19057325,00
0.65547144,0.52522486,0.01529511,0.06533401,00
0.80862105,0.53501493,0.03290213,0.17417809,00
0.79117519,0.52669781,0.01983015,0.08709616,00
0.04137962,0.52891886,0.01625786,0.07456902,00
0.69601899,0.52409363,0.01564786,0.07540394,00
0.08942986,0.52521598,0.01275245,0.06538766,00

