0.03729895,0.18002537,0.03211805,0.06179774,09
0.44341868,0.45230967,0.19219951,0.36245760,05
0.16790876,0.53226775,0.04782499,0.05162456,02
0.31097710,0.51311934,0.02973115,0.05930333,02
0.91525424,0.53785324,0.03248173,0.15463103,00
0.76206040,0.52732593,0.02043165,0.10403156,00
0.70899403,0.52347183,0.02070902,0.07739712,00
0.87903488,0.53959572,0.03449456,0.19526829,00
0.73613489,0.52273834,0.01706305,0.07644417,00
0.83673990,0.53532493,0.03851879,0.19093783,00
0.03671125,0.52722800,0.01459295,0.06808721,00
0.65763915,0.52439237,0.01624219,0.06005395,00
0.81088269,0.53037220,0.02816351,0.16016001,00
0.08546134,0.52874142,0.01563805,0.06316843,00
0.60400802,0.52125162,0.01353141,0.05459787,00
0.78984821,0.52378380,0.01796063,0.07925232,00

