0.44395870,0.45165834,0.19672029,0.36297074,05
0.24067144,0.49564612,0.09030823,0.10444287,05
0.16825536,0.53265250,0.04942731,0.05464914,02
0.30932218,0.51375651,0.03073630,0.05697991,02
0.88144219,0.53902185,0.03336461,0.19896062,00
0.91794395,0.53909016,0.02929634,0.15782194,00
0.73792940,0.52361965,0.01753293,0.07970186,00
0.76342762,0.52634245,0.01960962,0.09515335,00
0.70893246,0.52446854,0.02038703,0.07689068,00
0.03602562,0.52980417,0.01552049,0.06584164,00
0.65749204,0.52754939,0.01653374,0.06025650,00
0.83728963,0.53395402,0.03819045,0.19819906,00
0.80806285,0.52624923,0.01811271,0.10006502,00
0.00582041,0.56533355,0.01160903,0.13630113,00
0.60433733,0.52201867,0.01318942,0.05324475,00
0.08465441,0.53040433,0.01746414,0.06202439,00
0.86053979,0.53321093,0.03299794,0.19256623,00

