0.03125490,0.17470440,0.02809748,0.07654784,09
0.44392499,0.45245606,0.19461593,0.36120901,05
0.24314058,0.49617153,0.09099838,0.10064041,05
0.16811910,0.53319955,0.05707792,0.05179457,02
0.30731624,0.51404172,0.03471807,0.05835494,02
0.83574879,0.53022456,0.03665220,0.19924772,00
0.88594085,0.53537875,0.03843369,0.19499221,00
0.71044874,0.52724969,0.02136800,0.07683977,00
0.65875536,0.52553493,0.01646283,0.06067753,00
0.73858166,0.52386439,0.01850555,0.07769355,00
0.76509011,0.52787471,0.02106142,0.09313413,00
0.92651188,0.53946239,0.03191986,0.16183855,00
0.03360105,0.53246623,0.01677707,0.06866650,00
0.80826867,0.52467173,0.01821629,0.09440886,00
0.86221218,0.52973068,0.03336668,0.19663785,00
0.08120701,0.52629530,0.01959020,0.07244696,00
0.60508585,0.52259529,0.01380780,0.05252418,00

