0.44517106,0.45397723,0.20536414,0.36396742,05
0.24142694,0.49460068,0.09437005,0.10072690,05
0.16847551,0.53306484,0.05760011,0.04957891,02
0.30669576,0.51213837,0.03332305,0.05629646,02
0.76716012,0.52991825,0.02084124,0.10484464,00
0.71013200,0.52616799,0.02061555,0.08176269,00
0.92940223,0.54022050,0.02866347,0.16000645,00
0.73959339,0.52514541,0.01854235,0.08121628,00
0.83652258,0.52883810,0.03758053,0.20706357,00
0.89080346,0.53565061,0.03559782,0.20967750,00
0.65996420,0.52579254,0.01569296,0.06730282,00
0.02882564,0.53141409,0.01725978,0.07392407,00
0.81198502,0.52521867,0.01839296,0.09421381,00
0.86489236,0.53389150,0.03780412,0.21441156,00
0.07979601,0.52934295,0.01936080,0.06251951,00

