0.44604373,0.45794779,0.19897433,0.36552605,05
0.23882830,0.49503976,0.10333160,0.10766663,05
0.16802046,0.53237504,0.06190644,0.05511820,02
0.30540708,0.51126236,0.03489992,0.06406923,02
0.71231389,0.52597827,0.01922239,0.07769286,00
0.74005139,0.52709037,0.01956028,0.08192018,00
0.93290341,0.53996778,0.03164921,0.16734545,00
0.76800716,0.52967894,0.02088320,0.09338403,00
0.90318716,0.53641546,0.03445088,0.19642788,00
0.66057783,0.52576071,0.01433815,0.06658109,00
0.02052990,0.53219628,0.01804435,0.06943583,00
0.86148989,0.53195959,0.04236708,0.21741699,00
0.81376523,0.53060091,0.01911614,0.10126291,00
0.84103078,0.52628982,0.03069124,0.19932947,00
0.02684031,0.52996409,0.01664693,0.06929702,00

