0.44576159,0.45449474,0.19737621,0.35502425,05
0.24040575,0.49411824,0.09672757,0.10576331,05
0.16696301,0.53175664,0.06868812,0.05630168,02
0.23665662,0.50260043,0.09623151,0.08517207,02
0.30509147,0.51044244,0.03431616,0.05851845,02
0.71146768,0.52786094,0.01912632,0.07499899,00
0.93782628,0.53969604,0.03292961,0.16577828,00
0.74043268,0.52520549,0.02053388,0.08120415,00
0.85587978,0.53285438,0.03994763,0.21845631,00
0.90561950,0.53932434,0.03631128,0.21037160,00
0.66057903,0.52775502,0.01428250,0.06374149,00
0.01961285,0.52757984,0.01866117,0.07105882,00
0.88754714,0.53219712,0.03456743,0.20196304,00
0.81669843,0.53325540,0.01953589,0.10625223,00
0.78153431,0.52931225,0.01894036,0.09161267,00
0.76625490,0.52875739,0.01878119,0.08442912,00

