0.44486791,0.45370546,0.19883893,0.36607385,05
0.16234720,0.53131086,0.06725987,0.05422030,02
0.23455191,0.50282741,0.09877628,0.08600160,02
0.29469982,0.51272082,0.04321719,0.06095885,02
0.85921353,0.53749090,0.03888743,0.21847859,00
0.74051797,0.52495402,0.02093233,0.08090754,00
0.78331840,0.52852571,0.01913270,0.10233851,00
0.71252066,0.52798396,0.01969028,0.07535649,00
0.91385299,0.53921485,0.03134806,0.21277136,00
0.94574726,0.53808212,0.03031294,0.15613048,00
0.01725095,0.52637756,0.01745432,0.06853909,00
0.81676495,0.53159875,0.02121707,0.10667255,00
0.66179836,0.52392471,0.01321904,0.06026869,00
0.88864958,0.53560448,0.03470637,0.22105038,00

