0.23540556,0.50251216,0.10044757,0.08671419,02,07
0.44531065,0.45258081,0.20510004,0.36218479,05
0.24019322,0.49393716,0.09883769,0.10653955,05
0.16127783,0.53147489,0.06209964,0.05544050,02
0.29430780,0.51133406,0.04094104,0.05983928,02
0.86519450,0.54848534,0.04263608,0.24804488,00
0.71210444,0.52687353,0.02093347,0.08280558,00
0.78293365,0.52622205,0.02056027,0.10333782,00
0.74201888,0.52393156,0.02217438,0.08758341,00
0.91613787,0.53743088,0.03657618,0.22771034,00
0.95374805,0.53974932,0.03794905,0.15930042,00
0.01490711,0.52417988,0.01716620,0.07513689,00
0.66194892,0.52510428,0.01410653,0.06490425,00

