0.45366740,0.45359966,0.19197999,0.36163637,05
0.23848622,0.49321789,0.10072648,0.10859229,05
0.15975951,0.52899581,0.05960903,0.05709713,02
0.29339692,0.51415384,0.04031743,0.05457286,02
0.74166173,0.52427441,0.02165662,0.08573800,00
0.71413898,0.52618623,0.02000273,0.07956685,00
0.78649986,0.52974862,0.02211093,0.11052086,00
0.87105101,0.55104232,0.04453546,0.23957433,00
0.01233947,0.52216929,0.01637210,0.07704785,00
0.66307390,0.52658331,0.01593399,0.06883176,00
0.93237811,0.53590804,0.03274542,0.21250375,00
0.95959187,0.53536421,0.03271506,0.16665010,00
0.91167009,0.53483027,0.03999996,0.21673752,00
0.83656180,0.53370988,0.02316222,0.09479054,00
0.81638509,0.52631050,0.02076603,0.07755181,00

