0.45346561,0.45220277,0.19732429,0.36401710,05
0.23702307,0.49302280,0.09870286,0.10473420,05
0.15843651,0.52747452,0.06071515,0.06015924,02
0.29123050,0.51024342,0.04081740,0.05813583,02
0.87983733,0.53754735,0.04343994,0.24208894,00
0.71420103,0.52753270,0.01938770,0.08497507,00
0.74242407,0.52648103,0.02262797,0.08706188,00
0.78843033,0.52940434,0.02361164,0.10359139,00
0.01021623,0.52370423,0.01469466,0.06964345,00
0.66347724,0.52606517,0.01597897,0.06925543,00
0.91698283,0.53599989,0.03910821,0.22451331,00
0.93728054,0.53770506,0.03424715,0.21106677,00
0.33656752,0.51210958,0.01330560,0.05217939,00
0.83767015,0.53367847,0.02421879,0.09817119,00
0.96266794,0.53764826,0.03095705,0.16608538,00

