0.44632253,0.45174047,0.20012391,0.35874543,05
0.23800549,0.49243200,0.10128552,0.10813719,05
0.15982060,0.52726746,0.05647162,0.05580366,02
0.29074889,0.50977606,0.04351566,0.05502417,02
0.71466792,0.52734774,0.01864410,0.08315471,00
0.88627017,0.53630501,0.04213604,0.23188606,00
0.74310070,0.52761567,0.02338383,0.08746463,00
0.66407496,0.52315295,0.01611649,0.07006235,00
0.78879958,0.52912796,0.02263926,0.10503764,00
0.96194947,0.53360343,0.03472954,0.17684789,00
0.83732206,0.53072816,0.02257458,0.10274394,00
0.93627167,0.55595440,0.05201701,0.23119329,00
0.00766186,0.51984310,0.01315224,0.07313649,00

