0.45373917,0.45096934,0.19491674,0.36191642,05
0.23410833,0.49202356,0.09889472,0.10944217,05
0.14441483,0.52944928,0.05198276,0.04869458,02
0.71516168,0.52606547,0.01670369,0.08665428,00
0.89274198,0.55090648,0.04482454,0.25214434,00
0.74269688,0.52687484,0.02074822,0.08656178,00
0.96189785,0.55238646,0.04631203,0.22378060,00
0.66427696,0.52497905,0.01591005,0.07379600,00
0.79148728,0.53202051,0.02234801,0.10319877,00
0.83226645,0.53027958,0.01949765,0.10663815,00
0.09019538,0.52382082,0.02134200,0.07023301,00
0.93663967,0.55197328,0.05396466,0.22269350,00
0.85516608,0.53434199,0.03145363,0.15035476,00

