0.45401973,0.45146972,0.18562883,0.35823712,05
0.23113160,0.49138027,0.10326077,0.10267426,05
0.14408502,0.53033143,0.05821749,0.05073848,02
0.71776450,0.52561486,0.01842255,0.08267456,00
0.85674632,0.52985722,0.03031841,0.15436202,00
0.74275863,0.52853000,0.02311807,0.08723535,00
0.66592723,0.52510166,0.01812287,0.07635361,00
0.90398026,0.54953218,0.04979187,0.26787636,00
0.96344960,0.55374378,0.04986158,0.24639392,00
0.83165944,0.52275556,0.02016100,0.09748591,00
0.79375517,0.53202653,0.02083950,0.09513776,00
0.75667375,0.52738261,0.01889283,0.08269692,00

