0.99013627,0.39428645,0.02164755,0.06531954,09
0.44721168,0.44984287,0.19683550,0.35746378,05
0.23072715,0.49265179,0.09385423,0.10420828,05
0.14240055,0.53051847,0.05043863,0.05088758,02
0.28610280,0.51369655,0.03991035,0.06143973,02
0.71883178,0.52698463,0.01982590,0.08667443,00
0.90986204,0.53807902,0.04165603,0.24433471,00
0.86199123,0.53447831,0.03147135,0.15901144,00
0.96257180,0.55312544,0.05433157,0.24231589,00
0.66636646,0.52404881,0.01696745,0.07007460,00
0.75630563,0.52821785,0.01945507,0.08515002,00
0.74033368,0.52847421,0.02102562,0.07844111,00
0.83495778,0.52300113,0.02251040,0.10370518,00
0.80786669,0.53060204,0.01902586,0.09847012,00
0.08445866,0.52782768,0.02187246,0.06638834,00
0.79335392,0.53089529,0.01950336,0.09673691,00

