0.98865318,0.39158836,0.02146987,0.06731407,09
0.44593588,0.45140237,0.19587591,0.35882640,05
0.23062804,0.49242339,0.09703697,0.10103222,05
0.14247768,0.52894467,0.04834599,0.05608969,02
0.28468907,0.51586336,0.03671706,0.05917139,02
0.86864960,0.53170472,0.02672335,0.16975978,00
0.91691768,0.55261666,0.04771620,0.25595942,00
0.71895534,0.52533615,0.01916047,0.08814211,00
0.96678674,0.55292457,0.05670084,0.25765502,00
0.74096453,0.52835584,0.02100151,0.08588056,00
0.83712399,0.52447248,0.02330714,0.10651052,00
0.66692019,0.52518755,0.01677271,0.06804250,00
0.80739468,0.53069341,0.02030345,0.09818246,00
0.75626481,0.52556813,0.01932605,0.08955626,00
0.08104458,0.52377284,0.02161011,0.06896679,00

