0.44675225,0.45383272,0.19885108,0.35982451,05
0.21947582,0.49325553,0.09897429,0.11854218,05
0.13975562,0.53145146,0.05459668,0.05275884,02
0.28352436,0.51479954,0.04296726,0.06581703,02
0.71929103,0.52682978,0.01854843,0.09242253,00
0.87846822,0.53299135,0.03645101,0.18310894,00
0.93144846,0.53573388,0.04789575,0.24499373,00
0.66806877,0.52526599,0.01883588,0.07688168,00
0.75460500,0.52442813,0.01999104,0.09567466,00
0.84169102,0.52741277,0.02443718,0.10654086,00
0.81161451,0.52979666,0.02188251,0.11234026,00
0.74016750,0.52856886,0.02006193,0.08571029,00
0.07907616,0.52505451,0.02112917,0.07491466,00

