0.44684801,0.45193321,0.19739071,0.36255357,05
0.21946771,0.49299622,0.09909124,0.11487512,05
0.14139155,0.53158790,0.05557345,0.05489163,02
0.28322059,0.51304311,0.03855136,0.06046803,02
0.88105696,0.53690720,0.03199353,0.16223137,00
0.71898556,0.52456325,0.01802538,0.08646199,00
0.93769854,0.53102952,0.04756429,0.25002953,00
0.81237924,0.52733380,0.02204240,0.11211278,00
0.73895037,0.52805859,0.02006610,0.08549933,00
0.75661260,0.52233082,0.01901429,0.09161355,00
0.84199750,0.52667493,0.02415326,0.10308354,00
0.66894031,0.52437407,0.01798935,0.07727849,00

