0.44608870,0.45034176,0.19519381,0.35573438,05
0.21719337,0.49294099,0.10622131,0.11340117,05
0.13716492,0.53369099,0.06282513,0.05325267,02
0.71980250,0.52837914,0.01997340,0.09645727,00
0.89232862,0.53618550,0.03539598,0.17117730,00
0.75743252,0.52648920,0.02046935,0.09575519,00
0.67012149,0.52863216,0.01776778,0.08029308,00
0.81777507,0.53222388,0.03116074,0.14609455,00
0.73865497,0.53051752,0.01945150,0.08662255,00
0.94420755,0.55414081,0.04512646,0.25476217,00
0.06910978,0.52689767,0.01698622,0.06535852,00
0.31746283,0.51131999,0.01402931,0.06274538,00
0.83847654,0.52523673,0.02029126,0.09741067,00

