0.44675913,0.45024365,0.19649708,0.35143578,05
0.21595120,0.49299422,0.10805602,0.11885599,05
0.13708498,0.53151017,0.04983743,0.05480968,02
0.89677334,0.53623086,0.03884818,0.17417991,00
0.71928394,0.52839196,0.01981090,0.09453875,00
0.75584757,0.52632916,0.02050670,0.09757593,00
0.66997033,0.52717966,0.01667459,0.07698749,00
0.96158475,0.54195386,0.06501108,0.32079667,00
0.81526947,0.53161371,0.02089897,0.10925121,00
0.02916395,0.52463990,0.01789769,0.07613423,00
0.74085212,0.53094375,0.01889366,0.08797234,00
0.06499405,0.52574289,0.01724043,0.06888838,00
0.83674115,0.52616328,0.02061274,0.10631987,00

