0.44638267,0.45392364,0.19657212,0.35543332,05
0.21496141,0.49068135,0.10413495,0.11807263,05
0.13676935,0.52803063,0.04843397,0.05574234,02
0.28059858,0.51036030,0.03679311,0.06648584,02
0.71929395,0.52865446,0.01940275,0.09804281,00
0.90626478,0.53690839,0.03992078,0.18571375,00
0.75437748,0.52925587,0.02063875,0.10317179,00
0.96593428,0.53965068,0.06310906,0.33325332,00
0.06265827,0.52674174,0.01907707,0.07033408,00
0.83819592,0.53422183,0.03505102,0.14555991,00
0.81321037,0.53115690,0.01936744,0.10175496,00
0.67117608,0.52874893,0.01503560,0.07390346,00
0.02807274,0.52834123,0.02084273,0.07150164,00
0.31664667,0.51099366,0.01391737,0.06348254,00
0.74163169,0.53160518,0.01754348,0.08800773,00

