0.36613786,0.25512922,0.01451962,0.05470866,09
0.21608837,0.49134430,0.10422409,0.11538554,05
0.45516533,0.45652118,0.18867292,0.35373896,05
0.13259974,0.53120142,0.08540834,0.05857727,02
0.26893896,0.51376975,0.04352054,0.05734129,02
0.72023261,0.52660233,0.02001129,0.09527893,00
0.91246986,0.53525382,0.04045405,0.18800874,00
0.83968306,0.53158301,0.03601699,0.15412137,00
0.75727808,0.52486438,0.02309043,0.09712712,00
0.67202067,0.52901042,0.01694947,0.08401986,00
0.97135890,0.53887969,0.05801100,0.33449176,00
0.96048754,0.53570950,0.03439717,0.20310868,00
0.06017585,0.52865791,0.01858301,0.06664110,00
0.59507591,0.52464676,0.01846308,0.06123228,00
0.02111569,0.52808958,0.01706578,0.07304493,00
0.73719829,0.53009343,0.01772431,0.08576672,00

