0.36528957,0.25617883,0.01471269,0.05423806,09
0.45462903,0.45600018,0.19160917,0.35637820,05
0.21403630,0.49030912,0.10849135,0.11888538,05
0.26958263,0.51306587,0.04926216,0.05949987,02
0.13592824,0.52971059,0.04937206,0.05702247,02
0.11664134,0.53465545,0.05315803,0.05512283,02
0.76053315,0.52525604,0.02288958,0.09781637,00
0.91964710,0.53608531,0.04027553,0.17342046,00
0.72083056,0.52514559,0.02177008,0.09186549,00
0.67733920,0.52941310,0.01991980,0.09348424,00
0.96554613,0.53569299,0.03499118,0.18833737,00
0.84185284,0.52739388,0.03519214,0.14535300,00
0.01627484,0.52731472,0.01649634,0.07165160,00
0.85630304,0.52650011,0.03491623,0.15245236,00
0.59591186,0.52143866,0.01794061,0.06295133,00
0.81718665,0.52872002,0.02007633,0.09412762,00
0.73829395,0.52850729,0.01897491,0.08010744,00

