0.36430222,0.25457227,0.01612073,0.05732439,09
0.45573783,0.45331955,0.19421308,0.35414958,05
0.21269253,0.49063662,0.10858314,0.11719754,05
0.26824355,0.51380515,0.05012321,0.06187221,02
0.11682286,0.53271806,0.08995359,0.06446209,02
0.93005162,0.53362101,0.03544484,0.17956826,00
0.72043252,0.52165943,0.02192456,0.08684324,00
0.76184493,0.52767503,0.02245974,0.09512159,00
0.85554820,0.53432071,0.03625249,0.16412315,00
0.67836320,0.53097326,0.02039215,0.09240064,00
0.01394013,0.52706623,0.01627544,0.07285632,00
0.96912414,0.53713602,0.03803834,0.19316491,00
0.98329699,0.56036407,0.02729253,0.24541198,00
0.81481677,0.53253472,0.01919986,0.08925969,00
0.84311926,0.52976620,0.03222170,0.14935248,00
0.59540629,0.52556807,0.01981387,0.06132197,00

