0.36473790,0.24808918,0.01773174,0.05509518,09
0.45450646,0.45634401,0.19273698,0.36332497,05
0.21342847,0.49042040,0.11148909,0.11566865,05
0.11742362,0.53422856,0.05568453,0.05568425,02
0.93830359,0.53766572,0.03706740,0.17913271,00
0.86012572,0.53654063,0.03804995,0.18164344,00
0.98369586,0.57304490,0.03272081,0.26180795,00
0.76213062,0.52967668,0.02263637,0.09355199,00
0.72135252,0.51964545,0.02149316,0.08512932,00
0.67847288,0.52923167,0.02009200,0.08775505,00
0.01047871,0.52581716,0.01436809,0.07495835,00
0.81502998,0.52781862,0.01831048,0.08838822,00
0.59458148,0.52256554,0.01693524,0.06220358,00
0.73684245,0.52518612,0.02043774,0.07921103,00

