0.36399698,0.25010499,0.01682384,0.05776129,09
0.45481282,0.45738602,0.19784959,0.35828558,05
0.20747349,0.48951349,0.11352877,0.11021570,05
0.11533463,0.53338224,0.06308883,0.05533318,02
0.26542541,0.51366395,0.04650472,0.06125339,02
0.86308956,0.53661352,0.03812293,0.17438909,00
0.98614424,0.53623575,0.03007918,0.20288636,00
0.68056154,0.52964699,0.02109807,0.09485007,00
0.94624698,0.53584057,0.03566976,0.17802657,00
0.76179332,0.52900869,0.02345407,0.09644581,00
0.72222626,0.51868814,0.02264246,0.08550111,00
0.91566956,0.52520031,0.02126137,0.11094743,00
0.78738773,0.52438998,0.01964191,0.10118121,00
0.59349239,0.52330792,0.01695453,0.06381053,00
0.04076647,0.52959001,0.01764978,0.06951813,00
0.73269165,0.52424634,0.02060299,0.08215372,00

