0.36401042,0.24802309,0.01751842,0.05737647,09
0.20913339,0.48948440,0.11929527,0.11542165,05
0.44671506,0.45686382,0.19787955,0.36168545,05
0.11282851,0.53350568,0.04507896,0.05130253,02
0.26514372,0.51633435,0.04522694,0.05928575,02
0.95959866,0.53819114,0.03553074,0.19498171,00
0.68410075,0.52986801,0.01933099,0.08518740,00
0.76237607,0.52835900,0.02379341,0.10917145,00
0.86558932,0.53741413,0.03684819,0.16196012,00
0.03797662,0.53379321,0.02059827,0.06355162,00
0.72935557,0.52273554,0.02177344,0.08854023,00
0.98926985,0.53202528,0.02339686,0.21597594,00
0.88368416,0.53852803,0.03671153,0.17832173,00
0.59185195,0.52155840,0.01573374,0.05798074,00
0.78638983,0.52613491,0.02116198,0.10089186,00
0.60647285,0.52255726,0.01594135,0.06046984,00

