0.36282936,0.24810807,0.01655019,0.05527794,09
0.45414171,0.45703128,0.19207360,0.37542364,05
0.20767525,0.49006072,0.11623984,0.11387971,05
0.10746928,0.53363144,0.04691073,0.05601459,02
0.26319629,0.51470798,0.04756377,0.06037623,02
0.97013062,0.54959083,0.04398248,0.18970531,00
0.76102960,0.52125961,0.02204940,0.11524219,00
0.68659669,0.52998942,0.01934771,0.07599920,00
0.88314521,0.53931433,0.03954644,0.18575323,00
0.72810346,0.52378309,0.02122238,0.09373287,00
0.78894895,0.52741665,0.02081451,0.11904954,00
0.93808317,0.52459568,0.02128404,0.09620537,00
0.81881601,0.53140432,0.02237902,0.10895566,00
0.59491289,0.51819187,0.01668802,0.06631316,00
0.03559641,0.52824140,0.01998655,0.07006090,00
0.31008014,0.51488376,0.01670446,0.06227602,00
0.86455715,0.53474575,0.03220592,0.15409531,00

