0.36110318,0.24552692,0.01600790,0.05165982,09
0.45552737,0.45670933,0.20315574,0.36767966,05
0.20485361,0.49133286,0.11703119,0.11586656,05
0.26192504,0.51681489,0.04207035,0.05727287,02
0.09324438,0.53429002,0.05163975,0.05344686,02
0.98069346,0.55240047,0.03237226,0.18704425,00
0.68731701,0.53071976,0.01795807,0.08187494,00
0.72816318,0.52415848,0.02228350,0.09779698,00
0.88691396,0.53822678,0.04106301,0.18088771,00
0.76316500,0.52937335,0.02253444,0.11448532,00
0.78875017,0.53065598,0.02176063,0.10851183,00
0.60432327,0.52032375,0.01709310,0.06347275,00
0.93713820,0.53087610,0.02312803,0.08396294,00
0.86458474,0.52952164,0.03237508,0.15267684,00
0.59681082,0.51804370,0.01587095,0.06364758,00
0.81770962,0.52960372,0.02061116,0.08792291,00

