0.36218518,0.24439590,0.01629148,0.04901358,09
0.45457092,0.45604053,0.19732991,0.37185973,05
0.20524244,0.49023005,0.12489733,0.11520243,05
0.26069400,0.51529914,0.04415886,0.06323084,02
0.11121936,0.53333920,0.08943006,0.06540411,02
0.28634042,0.51845825,0.04112636,0.06068037,02
0.72893435,0.52436811,0.02433328,0.10399102,00
0.68829155,0.52933306,0.01785504,0.08329919,00
0.89476460,0.55039728,0.04836657,0.17648235,00
0.98841554,0.55674577,0.02405945,0.23407444,00
0.76758969,0.53114426,0.02216626,0.11767397,00
0.60552472,0.52356893,0.01875448,0.06828620,00
0.78924710,0.53168887,0.02075236,0.10592456,00
0.94261110,0.53268468,0.03378875,0.14344133,00

