0.36116424,0.24453767,0.01561304,0.05218230,09
0.45419511,0.45631132,0.20008989,0.37260103,05
0.20600298,0.49101153,0.12436327,0.11061995,05
0.10821570,0.53286129,0.08466200,0.06577264,02
0.25984538,0.51301014,0.03908445,0.06381766,02
0.73029315,0.52608037,0.02571491,0.10660874,00
0.90961230,0.55092603,0.04790196,0.18332136,00
0.68987936,0.53128678,0.01679551,0.08345521,00
0.76966971,0.53497118,0.02040492,0.11990921,00
0.88153440,0.53455639,0.03735463,0.16225927,00
0.60533786,0.52174032,0.02045097,0.06799185,00
0.79019839,0.53193676,0.01873537,0.10642605,00
0.99516851,0.52623260,0.01369282,0.10725234,00
0.95621765,0.52834773,0.02294824,0.10130179,00
0.01868223,0.53597033,0.02002201,0.07319600,00
0.82950509,0.53618628,0.02126552,0.09555590,00

