0.45446724,0.45824724,0.19674581,0.37481225,05
0.20460030,0.48988101,0.12414014,0.11372535,05
0.10813971,0.53429949,0.08462789,0.06777573,02
0.26041335,0.51494086,0.03718524,0.06340877,02
0.73035038,0.52572066,0.02688411,0.09999067,00
0.91645986,0.55171847,0.04580558,0.17446415,00
0.69098812,0.53146720,0.01803517,0.08092195,00
0.88706625,0.53559780,0.03436664,0.15484554,00
0.83378804,0.53360081,0.01955041,0.08795333,00
0.96012604,0.52087569,0.03164933,0.15348075,00
0.60588384,0.52211654,0.01962621,0.06823643,00
0.78625554,0.52865005,0.02026347,0.10548431,00
0.77067792,0.52841145,0.02017056,0.10337630,00
0.81126422,0.52803159,0.02165936,0.10878734,00

