0.45471802,0.46002313,0.20005997,0.37024578,05
0.20505719,0.48924473,0.13144103,0.11445772,05
0.10761328,0.53281361,0.08809100,0.07133488,02
0.26060283,0.51632184,0.03658082,0.06277706,02
0.73271501,0.52407378,0.02634731,0.09979428,00
0.93043530,0.55068582,0.03763485,0.19673680,00
0.89346904,0.53462148,0.03764667,0.16926646,00
0.69423598,0.53007859,0.01891730,0.08849818,00
0.96492594,0.51902765,0.03166340,0.15305759,00
0.78278118,0.52718657,0.02467375,0.10992435,00
0.60610092,0.51778656,0.02107035,0.07280783,00
0.83629930,0.53129137,0.01962647,0.07955953,00

