0.35615847,0.22250468,0.01493576,0.05869319,09
0.45440182,0.45798200,0.19677240,0.38242683,05
0.19129018,0.49339458,0.12035012,0.12516542,05
0.09182183,0.52980715,0.08502213,0.07509745,02
0.90514308,0.52869076,0.03641391,0.18260635,00
0.73397130,0.52514797,0.02497139,0.09655024,00
0.69512141,0.53008747,0.01810447,0.08461337,00
0.93761551,0.53845716,0.03862360,0.19434850,00
0.78200275,0.53050220,0.02166694,0.11429577,00
0.96710491,0.53084379,0.02881313,0.17451383,00
0.83696938,0.53184074,0.02015584,0.09735347,00
0.29344422,0.51344371,0.02010323,0.07490239,00
0.81294501,0.53164387,0.02459850,0.10837579,00
0.60563958,0.51975256,0.02094799,0.06871893,00

