0.34424883,0.21871249,0.01803604,0.07152489,09
0.45390972,0.45520845,0.19143315,0.38165414,05
0.19139525,0.48983231,0.12337657,0.12046261,05
0.09105711,0.53258049,0.08462181,0.07247493,02
0.91233426,0.52963942,0.03723474,0.18739234,00
0.73569775,0.52622902,0.02546482,0.09412356,00
0.69593459,0.52901495,0.01840866,0.08822673,00
0.96194601,0.53805691,0.03764879,0.20040125,00
0.78337491,0.53023732,0.03156370,0.13571988,00
0.84112918,0.53208524,0.02176733,0.09509140,00
0.81506616,0.53062439,0.02385604,0.10285231,00
0.60655069,0.51889932,0.02093639,0.07195354,00
0.94155073,0.55004787,0.04026808,0.18134409,00

