0.34338766,0.21918842,0.01694360,0.07009081,09
0.45435247,0.45513278,0.19571823,0.38730791,05
0.09045018,0.53290808,0.08372559,0.07306482,02
0.73670393,0.52231526,0.02574118,0.09807563,00
0.96416712,0.54793668,0.04662953,0.21677269,00
0.91978180,0.53005421,0.03949609,0.18535002,00
0.84113348,0.52986938,0.02281880,0.10151195,00
0.78437775,0.52817738,0.02297473,0.10261618,00
0.69778037,0.53208232,0.01790089,0.08382047,00
0.60791671,0.51983237,0.02155065,0.06349053,00
0.29169255,0.51410878,0.01935915,0.07347349,00

