0.34226242,0.21773721,0.01817661,0.06910929,09
0.45539790,0.45019227,0.20030759,0.38363317,05
0.18306938,0.48871461,0.13900575,0.12060568,05
0.08479983,0.53383130,0.06228099,0.06280558,02
0.97182435,0.54916167,0.04929589,0.21830577,00
0.73718762,0.51839679,0.02560353,0.10473128,00
0.93112010,0.52591747,0.03703600,0.19556382,00
0.78816116,0.53056318,0.02205137,0.10930330,00
0.84219122,0.52770615,0.02290160,0.10154270,00
0.81570941,0.53143936,0.02103687,0.10944640,00
0.60752732,0.52102703,0.02313308,0.06757671,00
0.70202619,0.53096485,0.01929877,0.07736319,00

