0.34145159,0.21601613,0.01660609,0.06725352,09
0.45547217,0.45074123,0.19926523,0.38861895,05
0.18322958,0.48803681,0.13651651,0.12220897,05
0.08519562,0.53398031,0.08435453,0.07122745,02
0.24179332,0.51724285,0.04521198,0.06177221,02
0.73993593,0.52029663,0.02532649,0.10878546,00
0.98251677,0.55318946,0.03406278,0.21144354,00
0.94003820,0.52217466,0.04277382,0.18491596,00
0.78869575,0.52934074,0.02159298,0.10559196,00
0.70439428,0.53060347,0.01966536,0.08470161,00
0.81252873,0.52685857,0.02147229,0.09952381,00
0.60892546,0.52084881,0.01933396,0.06772330,00
0.84002197,0.52784979,0.02769791,0.09676922,00

