0.34131578,0.20633028,0.01826744,0.06450456,09
0.44837770,0.44843715,0.21049452,0.36813831,07
0.18175490,0.48784971,0.13473132,0.12148459,05
0.45620304,0.44905737,0.20378171,0.38614517,05
0.08411540,0.53253484,0.08638295,0.06833419,02
0.24135914,0.51537597,0.04787695,0.06256482,02
0.74031144,0.51398444,0.02632093,0.10871287,00
0.78882682,0.52525961,0.02132100,0.10654705,00
0.98633516,0.55696827,0.02903565,0.21563461,00
0.94101351,0.52803546,0.03741144,0.17925435,00
0.70507944,0.53057516,0.01987345,0.08207455,00
0.81555969,0.53051353,0.02226091,0.10780658,00
0.60927433,0.52217680,0.01843843,0.06476355,00
0.95665300,0.52010465,0.03039941,0.18612356,00

