0.34203944,0.20432454,0.01721917,0.06657728,09
0.45658833,0.44699925,0.20560832,0.38367209,05
0.18473259,0.48644808,0.13140936,0.12319264,05
0.08257087,0.53089201,0.08627366,0.06797756,02
0.23912337,0.51487035,0.04045042,0.05765752,02
0.74223197,0.51384819,0.02587899,0.11154449,00
0.79186863,0.52359277,0.02272050,0.11992634,00
0.70765078,0.53297037,0.02053890,0.08372655,00
0.96381199,0.52615547,0.04167660,0.19152671,00
0.94279003,0.52551073,0.03658438,0.16059916,00
0.61053532,0.52171171,0.01890790,0.06432920,00
0.81652212,0.52723253,0.02036112,0.10199495,00

