0.17153376,0.48649281,0.12228765,0.13322754,07
0.45575151,0.43407360,0.20782979,0.39342946,05
0.18006156,0.48362288,0.13962090,0.12263222,05
0.06966039,0.52422595,0.07923090,0.07927771,02
0.74484938,0.51343459,0.02500424,0.11547330,00
0.71082318,0.53167558,0.02042610,0.08755047,00
0.79368556,0.52176756,0.02306099,0.12218283,00
0.95682985,0.52768630,0.03491498,0.17632847,00
0.98412675,0.52373612,0.02885052,0.19761021,00
0.61162966,0.51993454,0.02120098,0.06730749,00
0.85432738,0.53520423,0.04249423,0.12892060,00
0.81703854,0.52681547,0.02122228,0.10265464,00

