0.33793381,0.18327306,0.01999869,0.06599003,09
0.18106969,0.48566344,0.14053598,0.12369795,07
0.45619282,0.43871266,0.20406665,0.39513895,05
0.06553569,0.52454025,0.08277236,0.07718795,02
0.74498880,0.51242453,0.02468349,0.11657531,00
0.79341042,0.52144551,0.02318172,0.11892861,00
0.71131861,0.53253013,0.02108795,0.08465959,00
0.95561868,0.52043027,0.03227426,0.16202387,00
0.61153060,0.52005881,0.02175776,0.06623526,00
0.81891572,0.52570707,0.01957883,0.11026509,00
0.98548186,0.52487391,0.02464711,0.20858563,00
0.85638124,0.53371310,0.03914566,0.13200177,00

