0.33787218,0.17861417,0.02250382,0.06897850,09
0.44755253,0.43613404,0.22225244,0.37007433,07
0.45958871,0.43898326,0.20840645,0.38795492,05
0.17098278,0.48554710,0.12549268,0.12893352,05
0.06622755,0.52420735,0.08045507,0.07955059,02
0.71388608,0.52485025,0.02093395,0.09416660,00
0.96384096,0.51588041,0.03234295,0.15909356,00
0.74669349,0.51180053,0.02467330,0.11477526,00
0.79407209,0.51746267,0.02415979,0.11212112,00
0.61295730,0.52036864,0.02227551,0.06238737,00
0.81101787,0.52137488,0.02137524,0.10517519,00

