0.33612251,0.17354833,0.02340424,0.06800656,09
0.44776145,0.43080342,0.22318341,0.37857941,07
0.45794138,0.43538427,0.20865054,0.39669046,05
0.06442635,0.52620047,0.07997201,0.07421886,02
0.96897686,0.51383001,0.03438142,0.16001254,00
0.75269383,0.51042205,0.02777742,0.11629800,00
0.71675682,0.52500182,0.01991402,0.09835371,00
0.80365741,0.51619023,0.03429307,0.13876508,00
0.83882380,0.52584743,0.03314605,0.14610733,00
0.79437268,0.51255721,0.02394525,0.10532013,00
0.86888409,0.53302366,0.04202880,0.13655072,00

