0.33382612,0.16558272,0.02054993,0.06685033,09
0.44787946,0.42671648,0.21882667,0.37524796,07
0.45763603,0.40426308,0.21083912,0.37629446,05
0.17002764,0.48015416,0.14043769,0.12697417,05
0.05983661,0.52631551,0.08812956,0.07149905,02
0.75499934,0.51069635,0.02722427,0.11602467,00
0.98387909,0.52059990,0.03277430,0.15966561,00
0.80786097,0.51545537,0.03656856,0.13767609,00
0.84688807,0.52307981,0.04126842,0.15622395,00
0.61404216,0.52031457,0.02396972,0.06437801,00
0.71974373,0.52634740,0.01945834,0.09067819,00

