0.33208603,0.15833290,0.02066820,0.06890164,09
0.31957358,0.15825036,0.02250889,0.07056052,09
0.44785395,0.42781499,0.22523201,0.37323111,07
0.45795816,0.40387243,0.21110865,0.38013035,05
0.16687649,0.48168486,0.13974880,0.12649947,05
0.03605016,0.53344858,0.05785242,0.07161764,02
0.75862837,0.51156420,0.02637852,0.11068001,00
0.86315995,0.52837503,0.04148071,0.15269275,00
0.81277573,0.51838934,0.03556847,0.13663423,00
0.98832542,0.51512027,0.02390439,0.16438887,00
0.72902185,0.52754575,0.02011210,0.08465689,00
0.61442345,0.52055746,0.02463435,0.06488096,00

