0.31500405,0.13542183,0.02242876,0.07992728,09
0.45902151,0.40479982,0.21806070,0.39481044,05
0.04732123,0.52079666,0.07908166,0.08219843,02
0.13245226,0.50381702,0.09656639,0.08951423,02
0.76408267,0.51037878,0.02314459,0.11348297,00
0.89660537,0.51865393,0.03706790,0.17349632,00
0.81586123,0.51296216,0.02198078,0.11212733,00
0.73737228,0.52349621,0.01864865,0.08810380,00
0.83110458,0.51087940,0.02416698,0.11268821,00
0.26183230,0.50798506,0.02018809,0.08139499,00
0.61761165,0.51839989,0.02703163,0.06603406,00

