0.31321520,0.12585650,0.02428595,0.07518859,09
0.45890149,0.42624563,0.21968798,0.39880612,05
0.15725026,0.47815067,0.13847391,0.12821391,05
0.51577151,0.79384768,1.01789391,0.37543634,02
0.76468623,0.51005954,0.02419846,0.11512505,00
0.90770751,0.51511264,0.04041739,0.16994286,00
0.82834542,0.50980788,0.03124897,0.14296149,00
0.73901933,0.52328318,0.01946861,0.08579601,00
0.26286143,0.50783360,0.02000303,0.08304352,00
0.61726761,0.51665360,0.02387833,0.06968360,00
0.81101739,0.51260877,0.01976284,0.10740291,00

