0.30888432,0.10943601,0.02228023,0.07936686,09
0.29185420,0.10702974,0.02731133,0.08892642,09
0.46530017,0.42995894,0.22089876,0.38703147,05
0.14281067,0.48300323,0.13986839,0.13423780,05
0.03736565,0.53186601,0.07938192,0.08376045,02
0.19202678,0.52086741,0.05015027,0.06876121,02
0.52123570,0.78757942,0.96824116,0.38275018,02
0.83959085,0.52029008,0.03274782,0.14619124,00
0.94470197,0.53046018,0.04072724,0.18541868,00
0.76266402,0.52267933,0.02002182,0.10257545,00
0.81895083,0.50926304,0.01962617,0.09986251,00
0.77894151,0.51190269,0.01971723,0.11637881,00
0.91300696,0.53078657,0.02146211,0.11181491,00
0.63104796,0.52491909,0.02758745,0.07866468,00

