0.30741021,0.10577219,0.02854738,0.08724286,09
0.29209393,0.09549493,0.02879277,0.09205779,09
0.46613750,0.42684582,0.21781521,0.38687962,05
0.14084451,0.48244402,0.14797243,0.13200453,05
0.03591022,0.53276718,0.07745012,0.08283639,02
0.52109963,0.79047275,0.98247105,0.38444039,02
0.96060812,0.52964324,0.04267019,0.17799149,00
0.76689106,0.51888633,0.03618853,0.14030248,00
0.83498794,0.52141261,0.02056101,0.11845503,00
0.85356331,0.52585483,0.03050234,0.14750889,00
0.63353449,0.52368933,0.02261529,0.07933180,00
0.24431285,0.51505619,0.01900189,0.08039083,00
0.82055080,0.51330978,0.01939076,0.09777833,00
0.78049201,0.51018399,0.02015422,0.10907404,00

