0.29104346,0.09556884,0.02800308,0.08715594,09
0.46698457,0.43220356,0.21901847,0.38113117,05
0.13799366,0.48504269,0.14648010,0.13330272,05
0.03394317,0.53442204,0.07156993,0.07886264,02
0.18427691,0.53043360,0.05588256,0.06612175,02
0.96726429,0.53164202,0.04342433,0.18180481,00
0.85526407,0.53283530,0.03183282,0.14949766,00
0.83290321,0.52382159,0.02086123,0.11509466,00
0.77125353,0.52101731,0.03542283,0.14007145,00
0.78167129,0.51455128,0.02095353,0.10120735,00
0.63248885,0.52721745,0.02448037,0.07299782,00
0.76290357,0.52701628,0.01955110,0.09544528,00

