0.29109985,0.09533985,0.02700096,0.08843493,09
0.46601152,0.42927521,0.21873346,0.38505191,05
0.13222887,0.48433390,0.14243363,0.13569888,05
0.03512468,0.53519803,0.07149833,0.08184187,02
0.52080846,0.79072374,0.93245214,0.36542135,02
0.97969979,0.53739899,0.03657757,0.19820991,00
0.77681863,0.51954430,0.03186690,0.15235527,00
0.63687122,0.52464598,0.02342496,0.08368722,00
0.86057901,0.53368270,0.03269135,0.14775850,00
0.83392018,0.52508664,0.02238839,0.11237656,00
0.23754331,0.51824504,0.02315640,0.07528786,00
0.78181356,0.51547760,0.02168841,0.09885086,00

