0.29009432,0.08965520,0.02947463,0.08920147,09
0.47001201,0.43025738,0.22154425,0.38511172,05
0.13122781,0.48473278,0.14017013,0.12792498,05
0.03489084,0.53668284,0.07193919,0.08461455,02
0.48136607,0.78397197,0.88794470,0.35495925,02
0.98526382,0.53665763,0.03076013,0.21074264,00
0.86064309,0.53286463,0.03311213,0.15675516,00
0.63669652,0.52360857,0.02165698,0.07869114,00
0.77733868,0.52702200,0.03195584,0.14899674,00
0.83353728,0.52698421,0.02126277,0.10134007,00
0.93681991,0.54949826,0.03257044,0.14425132,00
0.23880024,0.51696938,0.02033379,0.07926863,00
0.78299701,0.52091503,0.02099695,0.09640653,00

