0.29000586,0.08468774,0.02512877,0.08856513,09
0.47001910,0.43585747,0.22434780,0.39526972,05
0.13094640,0.48561373,0.13903297,0.13755530,05
0.03401672,0.53451574,0.06927571,0.08214384,02
0.48527426,0.79023457,0.90209848,0.36358967,02
0.86146784,0.53697580,0.03413508,0.15554050,00
0.77756202,0.52817416,0.03633556,0.14142649,00
0.63776672,0.51817304,0.02177937,0.09974360,00
0.23706456,0.51952755,0.02468670,0.08504777,00
0.83471978,0.52574867,0.02262766,0.10705943,00
0.94158047,0.55061567,0.03532434,0.13906708,00
0.78344440,0.52262414,0.02419212,0.09280270,00

