0.28922993,0.07811263,0.02683154,0.08739016,09
0.47056517,0.43090016,0.22377394,0.39099503,05
0.12294753,0.48258284,0.13456827,0.14541453,05
0.02890969,0.53111261,0.06015200,0.08570073,02
0.48244610,0.80098826,0.90980202,0.35436648,02
0.78169501,0.53278309,0.03360302,0.14870742,00
0.86473209,0.53942639,0.03091099,0.15850642,00
0.23712020,0.51729125,0.02353633,0.08495285,00
0.95562685,0.55547798,0.04011904,0.13902426,00
0.83913720,0.53015310,0.02116928,0.10760097,00
0.78520745,0.52556247,0.02220288,0.09337457,00
0.64052755,0.52556890,0.01760529,0.07955924,00
0.88316643,0.53536147,0.03275979,0.15780289,00

