0.28768608,0.06765836,0.02683683,0.09631034,09
0.47103223,0.43067083,0.22123064,0.38839650,05
0.12022924,0.48007682,0.12662902,0.13574950,05
0.16277209,0.52625680,0.07485677,0.08565144,02
0.48460492,0.79852957,0.89697975,0.35592461,02
0.78615910,0.53318077,0.03310831,0.14968923,00
0.86716336,0.53796071,0.03099439,0.15732777,00
0.84204543,0.52798176,0.02221150,0.12270044,00
0.95952094,0.55537075,0.03884346,0.14707497,00
0.88122976,0.53763294,0.03398250,0.15854913,00
0.23730215,0.51207751,0.02573690,0.09041326,00
0.64349073,0.52162927,0.01855563,0.09791661,00
0.78862691,0.52424020,0.02159196,0.10125882,00

