0.28564137,0.06258146,0.02566846,0.08812014,09
0.47034246,0.43859389,0.22652060,0.41248938,05
0.11727969,0.47495648,0.13420761,0.13742441,05
0.16027305,0.52228898,0.07572108,0.08671433,02
0.48312217,0.79771954,0.89641702,0.37149224,02
0.02037665,0.52339762,0.03280279,0.07922342,02
0.78661776,0.53280109,0.03430695,0.14819755,00
0.88209856,0.53905940,0.03240229,0.15411827,00
0.96162510,0.55468911,0.03926177,0.15063056,00
0.86448967,0.53840768,0.03110062,0.15100266,00
0.84297895,0.52697694,0.02164783,0.11521441,00
0.64370048,0.52133954,0.02044411,0.09558358,00
0.21993610,0.51575083,0.02045930,0.07985447,00
0.23816440,0.51399773,0.02137359,0.08202408,00
0.86170995,0.52792740,0.01952521,0.10739785,00

