0.26238298,0.04820460,0.02380963,0.08834297,09
0.28593078,0.04852627,0.02682278,0.08867291,09
0.47054639,0.43928656,0.22734787,0.40485033,05
0.11724999,0.47253594,0.12606531,0.13298708,05
0.02144159,0.52109468,0.04357904,0.08357100,02
0.48440951,0.79820728,0.91637504,0.35466707,02
0.16042888,0.52560586,0.07673496,0.07998673,02
0.78878874,0.53291547,0.03424230,0.14815542,00
0.88186216,0.53973716,0.02959903,0.14976059,00
0.64213526,0.51637709,0.02115381,0.10784453,00
0.96454972,0.55388683,0.03586260,0.15285768,00
0.84547615,0.52636600,0.02018633,0.12618546,00
0.85893714,0.52989644,0.02060667,0.12411557,00
0.21919838,0.51549703,0.02370892,0.07813078,00
0.23710211,0.51177055,0.02240801,0.08389121,00

