0.26288465,0.04724735,0.02556169,0.08959291,09
0.28543895,0.04573423,0.02726179,0.08576556,09
0.47160468,0.42964604,0.22121601,0.38039407,05
0.11057888,0.47344157,0.13642798,0.13929969,05
0.15645596,0.52410257,0.08487551,0.08422141,02
0.01897453,0.52145565,0.03944809,0.08963361,02
0.88402110,0.53761607,0.03426132,0.16472694,00
0.79290980,0.53006303,0.03214038,0.16190541,00
0.85492098,0.52384365,0.01919491,0.13489196,00
0.21673913,0.51676464,0.02380699,0.07152166,00
0.97101897,0.55123794,0.03590629,0.16170622,00
0.84702271,0.52514249,0.02025964,0.12480382,00
0.64456660,0.51512104,0.02476083,0.10710729,00

