0.39163178,0.44568110,0.01238589,0.04167500,09
0.71177351,0.56154549,0.01173086,0.03301500,09
0.48180309,0.41374630,0.01316170,0.04077221,09
0.35725307,0.79877937,0.37468517,0.37617493,02
0.84436512,0.65389460,0.10714402,0.10963339,02
0.16873083,0.60536236,0.08347452,0.07716987,02
0.89392900,0.91638559,0.20849064,0.16715726,02
0.67922890,0.66076785,0.02601559,0.11387359,00
0.22237983,0.65370083,0.03148005,0.16405182,00
0.56844890,0.66892093,0.03597035,0.18974446,00
0.52935970,0.69251376,0.04549754,0.20809326,00
0.64388901,0.64761382,0.02141031,0.08944053,00
0.96783894,0.73727059,0.04489616,0.21061982,00
0.71256191,0.65196288,0.01715825,0.07891606,00
0.65998852,0.65613574,0.01820424,0.07502721,00

