0.71245003,0.56149119,0.01158474,0.03570022,09
0.39166868,0.44693798,0.01205095,0.04194387,09
0.48132309,0.40850589,0.01238577,0.03415146,09
0.35580790,0.79919440,0.37548479,0.37124735,02
0.85848331,0.66015780,0.13064380,0.11149525,02
0.16836508,0.60439843,0.08387762,0.07942863,02
0.13672496,0.59872800,0.04034122,0.06746285,02
0.67938018,0.65710598,0.02589159,0.10719531,00
0.56963122,0.66647488,0.04086977,0.19647960,00
0.21920797,0.65129602,0.03294422,0.16001257,00
0.51921088,0.69363827,0.04794447,0.21884517,00
0.96778470,0.73442352,0.05051782,0.21860778,00
0.64366019,0.64610577,0.02107343,0.08868480,00
0.71308476,0.65097076,0.01806760,0.08294273,00
0.92113590,0.70147806,0.04189092,0.16811821,00
0.03597156,0.60333622,0.01793599,0.06506740,00

