0.39138407,0.44674781,0.01213364,0.04120507,09
0.48144585,0.40847507,0.01248003,0.03429542,09
0.71237075,0.56151009,0.01213598,0.03418376,09
0.35607308,0.79446530,0.37710476,0.37233311,02
0.85987294,0.66035670,0.12758915,0.11133245,02
0.18130088,0.60904855,0.08192708,0.07937605,02
0.13677703,0.59991360,0.03984644,0.06552407,02
0.21528156,0.65557462,0.03559219,0.16217585,00
0.56877542,0.67156368,0.03903047,0.17985743,00
0.67926776,0.65790504,0.02480905,0.10697704,00
0.51836145,0.69436240,0.04525806,0.20810062,00
0.96723306,0.73280698,0.05141029,0.21913229,00
0.71329987,0.65359616,0.01940931,0.08490936,00
0.64311683,0.64638823,0.01926832,0.08644724,00
0.92135346,0.70214361,0.03863343,0.16420478,00
0.03708595,0.60383129,0.01812348,0.06693749,00

