0.71252596,0.56013072,0.01203637,0.03259162,09
0.39144012,0.44661245,0.01208199,0.04021678,09
0.48127073,0.40833318,0.01216585,0.03416757,09
0.35479832,0.80088228,0.37324426,0.37165084,02
0.85808116,0.66191632,0.12610687,0.11165917,02
0.16849890,0.60546917,0.08375513,0.08122688,02
0.56711674,0.66926897,0.03991075,0.19806939,00
0.21051502,0.65785688,0.03611048,0.16438586,00
0.51639652,0.69386542,0.04700648,0.21479861,00
0.67956501,0.65802896,0.02698298,0.10448015,00
0.96785772,0.73189235,0.05114330,0.21063964,00
0.64341605,0.64632261,0.02049026,0.08744805,00
0.92075855,0.69987994,0.03940797,0.15584110,00
0.71235174,0.65460992,0.01865356,0.08326387,00

