0.71299803,0.55916148,0.01174293,0.03264826,09
0.39175099,0.44707149,0.01178567,0.04120388,09
0.48139524,0.40842488,0.01231874,0.03350204,09
0.35483456,0.80179578,0.37631226,0.36824691,02
0.85707265,0.66075879,0.12459632,0.11514606,02
0.17027271,0.60977352,0.06674536,0.06888585,02
0.13640991,0.60089743,0.03894437,0.05869385,02
0.56580567,0.66676384,0.04028041,0.19358072,00
0.51642376,0.69304317,0.04739283,0.21392784,00
0.20876682,0.66196686,0.03776649,0.16050309,00
0.67956173,0.65763301,0.02804093,0.10093716,00
0.64399874,0.64542377,0.02151392,0.08988858,00
0.91860592,0.69746315,0.04205481,0.16937432,00
0.96629447,0.73378277,0.04754253,0.20521043,00

