0.71289480,0.56022382,0.01194744,0.03483503,09
0.39220887,0.44641167,0.01292966,0.04341808,09
0.26248127,0.46937069,0.01716667,0.07732083,09
0.48141775,0.40832764,0.01260148,0.03410499,09
0.35569996,0.80333155,0.37365651,0.36527884,02
0.85788983,0.66125816,0.12332612,0.11115942,02
0.17011066,0.61016315,0.06906553,0.06855845,02
0.13583836,0.59958339,0.03781927,0.05887690,02
0.51505005,0.69235402,0.04988737,0.20697625,00
0.56204587,0.66589832,0.03651229,0.20014954,00
0.20666933,0.66595197,0.03841123,0.16292280,00
0.67977607,0.65587413,0.02553922,0.09534496,00
0.96397895,0.73051065,0.04360330,0.20492820,00
0.91900003,0.69855219,0.03886607,0.16157040,00
0.64427173,0.64569479,0.02053045,0.08824034,00
0.71295327,0.65352029,0.01785027,0.08368099,00
0.65978920,0.65536046,0.01886734,0.07708488,00

