0.71338975,0.56223160,0.01217733,0.03509204,09
0.39211765,0.44686252,0.01263034,0.04113909,09
0.48134026,0.41363242,0.01295287,0.03797609,09
0.35627502,0.80542684,0.37836042,0.37048313,02
0.85640353,0.66253847,0.11527044,0.10366147,02
0.17020114,0.60792309,0.06696136,0.06950502,02
0.13487998,0.59820420,0.03812757,0.06155431,02
0.51293093,0.68989104,0.04569531,0.20101333,00
0.56068313,0.66781372,0.03800289,0.19529705,00
0.67957056,0.65613574,0.02568622,0.10059744,00
0.96166450,0.73342282,0.04341359,0.20898502,00
0.20485921,0.65764469,0.04121441,0.17826726,00
0.71282309,0.65456015,0.01814841,0.07868256,00
0.64366829,0.64536995,0.01829298,0.08027895,00
0.91882294,0.69533819,0.03918210,0.15681387,00
0.66174072,0.65470982,0.01927701,0.08063194,00

