0.91821134,0.59913433,0.07336118,0.04602377,25
0.39187023,0.44621226,0.01222528,0.04031785,09
0.48130774,0.40813699,0.01241406,0.03337392,09
0.71298909,0.56251627,0.01247174,0.03478263,09
0.35522994,0.80648422,0.36868274,0.37440598,02
0.85538226,0.66255295,0.11631233,0.10869583,02
0.16867760,0.60902041,0.06685530,0.06786732,02
0.89349699,0.92300534,0.20798963,0.16050190,02
0.51082355,0.68955076,0.04547121,0.20118634,00
0.55803174,0.66769832,0.04289918,0.19021136,00
0.67976320,0.65550238,0.02635051,0.09678490,00
0.20393392,0.65898240,0.04103111,0.17323689,00
0.64190871,0.64592290,0.01823483,0.07835390,00
0.71414554,0.65426159,0.01893997,0.08209894,00
0.66317642,0.65485692,0.02182194,0.07570191,00

