0.48072869,0.40824422,0.01269580,0.03266270,09
0.39133129,0.44522366,0.01321429,0.04135521,09
0.71305573,0.56133628,0.01251810,0.03366677,09
0.35575628,0.80606228,0.36842510,0.37167928,02
0.84430093,0.65465134,0.10396022,0.10754687,02
0.16787505,0.60371751,0.08486503,0.07907472,02
0.89292705,0.92497939,0.21054733,0.15673292,02
0.68027925,0.65247262,0.02794170,0.09745867,00
0.51052707,0.68992555,0.04475645,0.20442115,00
0.19558184,0.66191810,0.05228900,0.15682033,00
0.95930260,0.72946239,0.04521338,0.21417390,00
0.55654246,0.66885453,0.03959736,0.18873529,00
0.64161867,0.64609015,0.01708008,0.07859915,00

