0.39323422,0.44552919,0.01202585,0.04205875,09
0.48056692,0.40842512,0.01305193,0.03388022,09
0.71206063,0.56250250,0.01233435,0.03225961,09
0.35444489,0.81088352,0.36675546,0.37387159,02
0.84245557,0.65143877,0.10477196,0.11194549,02
0.16819391,0.60387492,0.08751488,0.07446976,02
0.19551915,0.66350693,0.05199143,0.15555008,00
0.68097591,0.65185183,0.02806380,0.09603874,00
0.50810444,0.68694144,0.04213634,0.21363495,00
0.64316338,0.64491206,0.01961824,0.09242349,00
0.71680582,0.65260488,0.01947200,0.08441214,00
0.96078479,0.73241448,0.04472079,0.19931079,00

