0.39352128,0.44708279,0.01251932,0.04342622,09
0.48142686,0.41390893,0.01383432,0.04032146,09
0.71247071,0.56267351,0.01265576,0.03426391,09
0.35575351,0.81008834,0.36508521,0.37481168,02
0.84235299,0.65013558,0.10295594,0.11555070,02
0.16875121,0.60435504,0.08458996,0.07747565,02
0.89244354,0.92266840,0.21117169,0.15713322,02
0.19385698,0.66399020,0.05172366,0.15405411,00
0.68102223,0.65260124,0.02759373,0.09571079,00
0.71734852,0.65042776,0.01911463,0.08397190,00
0.64218116,0.64746594,0.02020222,0.08386672,00
0.50719297,0.68889320,0.04309641,0.20682271,00
0.96291047,0.73360676,0.05254219,0.20052010,00
0.54051644,0.66464466,0.04146258,0.18238722,00

