0.71270305,0.56237876,0.01255292,0.03595380,09
0.48213401,0.41402718,0.01348944,0.03988925,09
0.35666293,0.80739367,0.36689052,0.37661552,02
0.84248388,0.65214568,0.10182104,0.11245618,02
0.16628103,0.60490346,0.08599619,0.07842181,02
0.19260722,0.66371620,0.04771043,0.15215136,00
0.68115306,0.65096873,0.02982605,0.09915657,00
0.71676397,0.65355456,0.01892592,0.08200315,00
0.64063227,0.64676827,0.02254672,0.08238607,00
0.50842279,0.66694808,0.03461615,0.17145392,00
0.53744566,0.66538173,0.03823196,0.17811219,00

