0.71295816,0.56268984,0.01258895,0.03565747,09
0.48203269,0.41390029,0.01325931,0.03929405,09
0.39312428,0.44710234,0.01247006,0.04280160,09
0.35675570,0.80760449,0.37209281,0.37897381,02
0.84124076,0.64964390,0.09940469,0.11296824,02
0.16559659,0.60516530,0.08787686,0.07942511,02
0.71573937,0.65395147,0.01787396,0.08233574,00
0.18962236,0.66088402,0.04524875,0.15178601,00
0.68166280,0.65346128,0.02379910,0.09604290,00
0.64008337,0.64456517,0.01969979,0.09229276,00
0.50856179,0.66505450,0.03387756,0.16445045,00
0.66582340,0.65642810,0.02058282,0.08189563,00
0.53435457,0.66677135,0.03997461,0.18107229,00

