0.71215725,0.56313694,0.01245119,0.03652854,09
0.48171529,0.41389146,0.01326562,0.03915800,09
0.35631943,0.80553311,0.37922660,0.37187564,02
0.84306002,0.64847380,0.10708977,0.11802252,02
0.16586168,0.60726750,0.08797871,0.08182395,02
0.18682982,0.65969753,0.04756409,0.15891160,00
0.64136118,0.64418906,0.01846736,0.08861504,00
0.68377781,0.65505159,0.02362188,0.08501440,00
0.66472942,0.65699041,0.02138112,0.07966058,00
0.71710879,0.65169734,0.01631117,0.08277036,00
0.52984107,0.68237400,0.04768721,0.18403035,00
0.51060754,0.66870224,0.03879566,0.16716096,00

