0.91793191,0.59903431,0.07152995,0.04896065,25
0.71179074,0.56212139,0.01215850,0.03738334,09
0.48195451,0.41385779,0.01339392,0.03866520,09
0.39271122,0.44743881,0.01274372,0.04076279,09
0.35582978,0.80673927,0.38137916,0.37186620,02
0.84170377,0.64967388,0.10213980,0.11829029,02
0.16633460,0.60792536,0.08860294,0.08224029,02
0.68530524,0.65314198,0.02174885,0.09111269,00
0.18579027,0.66180521,0.04820072,0.15887062,00
0.66202426,0.65471065,0.01960031,0.08909217,00
0.52820683,0.66839045,0.04165771,0.16722426,00
0.64042097,0.64549309,0.01812482,0.08770405,00
0.71940136,0.65066981,0.01593913,0.08858870,00
0.93710136,0.70964175,0.07630302,0.26255241,00
0.49296394,0.66748649,0.03494331,0.15214609,00

