0.71190745,0.56255776,0.01232547,0.03714382,09
0.48189765,0.41400364,0.01333814,0.03933612,09
0.39256859,0.44715273,0.01266888,0.04173033,09
0.35579890,0.80758971,0.38106450,0.37004697,02
0.84076405,0.65182620,0.10329156,0.11315627,02
0.16543195,0.60805106,0.08411908,0.08858968,02
0.68601596,0.65429795,0.02078359,0.08451373,00
0.51572847,0.66648090,0.03353135,0.16775471,00
0.18386976,0.66187805,0.04276066,0.16511764,00
0.65965199,0.65555435,0.01855695,0.07852154,00
0.48751679,0.66595656,0.03454208,0.15645044,00
0.63966721,0.64914221,0.01733489,0.07302959,00
0.93763888,0.71413881,0.05120375,0.21018353,00
0.72000593,0.65347952,0.01646722,0.08279873,00

