0.71251875,0.56419891,0.01249053,0.03775928,09
0.39327306,0.44796190,0.01349953,0.04341252,09
0.48055854,0.40838689,0.01242618,0.03530155,09
0.35752970,0.80375195,0.37734970,0.38285115,02
0.84153718,0.65359479,0.10647624,0.11228632,02
0.89220560,0.92070168,0.21198499,0.16430436,02
0.68781477,0.65464574,0.02029701,0.08596407,00
0.66123939,0.65403014,0.02179846,0.09152218,00
0.18074088,0.65895480,0.04514960,0.17161648,00
0.51517069,0.66494584,0.03357310,0.17022516,00
0.63989735,0.64758599,0.01691873,0.07931730,00
0.71925032,0.65529597,0.01805470,0.07998134,00
0.48700112,0.66529053,0.03136753,0.15703107,00
0.58414602,0.64203930,0.01705328,0.06740413,00

