0.71250558,0.56389385,0.01234841,0.03710251,09
0.39292973,0.44729769,0.01328016,0.04334044,09
0.48079100,0.40832224,0.01252855,0.03524537,09
0.35734844,0.80389225,0.37238863,0.37796617,02
0.84102374,0.65225405,0.10525946,0.11383099,02
0.89386070,0.91506708,0.21004485,0.17075670,02
0.15722188,0.60610241,0.05832492,0.06981647,02
0.17953973,0.65976876,0.04417382,0.16326663,00
0.68686676,0.65669817,0.01946160,0.08368827,00
0.66077906,0.65662342,0.02120525,0.08292545,00
0.51178652,0.66753840,0.03565552,0.16592771,00
0.63894922,0.65035701,0.01681164,0.07276685,00
0.71838391,0.65424156,0.01711274,0.07926347,00
0.58395791,0.64242953,0.01869360,0.06532906,00
0.48578295,0.66601151,0.03184760,0.15465274,00

