0.71284896,0.56279534,0.01234498,0.03578896,09
0.39303365,0.44703308,0.01360250,0.04219698,09
0.48080534,0.40836129,0.01257869,0.03477812,09
0.35614768,0.80537075,0.37023643,0.37814584,02
0.84205210,0.65395427,0.10782920,0.11305647,02
0.17751122,0.65578133,0.04170111,0.17705229,00
0.51085198,0.66729569,0.03941749,0.17387633,00
0.66077745,0.65879726,0.02037364,0.07598690,00
0.68681300,0.65624607,0.01947156,0.08035532,00
0.63906163,0.65194166,0.01465728,0.06847166,00
0.71912003,0.65479386,0.01775411,0.08250304,00
0.48692957,0.66830403,0.03452332,0.15806207,00
0.58425403,0.64293057,0.01717765,0.06342276,00
0.93509531,0.70997828,0.04443981,0.20248748,00

