0.71246874,0.56283081,0.01245455,0.03577433,09
0.39305240,0.44658938,0.01295436,0.04072668,09
0.48086667,0.40827662,0.01253881,0.03418975,09
0.35593981,0.80762839,0.37408206,0.38060370,02
0.84048557,0.65239871,0.10823283,0.11596578,02
0.16962479,0.66295159,0.05086787,0.15824093,00
0.66140562,0.65620631,0.02287129,0.08306037,00
0.50839579,0.66993684,0.03654736,0.17720470,00
0.68644750,0.65387070,0.01984645,0.08232808,00
0.58306158,0.64272195,0.01883058,0.06957130,00
0.63998067,0.65091997,0.01523424,0.06890428,00
0.71981579,0.65233552,0.01611906,0.07873967,00

