0.39271095,0.44669950,0.01314044,0.04250965,09
0.71258670,0.56302136,0.01181901,0.03710964,09
0.48073673,0.40826339,0.01231818,0.03438286,09
0.35536131,0.81014407,0.37087137,0.37844619,02
0.84017688,0.65291208,0.10396580,0.11385886,02
0.16460058,0.66074961,0.05200072,0.14646943,00
0.68726039,0.65584952,0.01926689,0.07861409,00
0.48943788,0.68636853,0.03740321,0.17139873,00
0.66029799,0.65901685,0.02503775,0.08623841,00
0.58322716,0.64287585,0.01943853,0.06685497,00
0.50297582,0.66549367,0.02789641,0.17723300,00

