0.39269015,0.44659537,0.01283796,0.04204400,09
0.71283567,0.56340814,0.01206759,0.03749081,09
0.48074776,0.40829697,0.01225104,0.03440432,09
0.35555667,0.80775076,0.37401089,0.38266236,02
0.84066522,0.65503752,0.10487822,0.11376131,02
0.89210260,0.91562611,0.21524824,0.16874209,02
0.16288939,0.65936929,0.05274697,0.14950311,00
0.65887034,0.66036385,0.02212352,0.08325149,00
0.68718684,0.65915865,0.01920979,0.07750712,00
0.58419466,0.64233238,0.01673170,0.06524516,00
0.73225719,0.65900910,0.02547942,0.06764658,00
0.71572608,0.65411556,0.01523027,0.06576093,00

