0.39281598,0.44696105,0.01331804,0.04182665,09
0.71227837,0.56516731,0.01155093,0.03863421,09
0.48072666,0.40828639,0.01241954,0.03402838,09
0.35535318,0.80902845,0.37667480,0.38546020,02
0.84040755,0.65388739,0.10066705,0.11466981,02
0.89125299,0.92006296,0.21640049,0.16004203,02
0.16048355,0.65568918,0.04818956,0.15296099,00
0.66056311,0.66010225,0.02059678,0.08541197,00
0.68604410,0.65740526,0.01720519,0.07840939,00
0.73285693,0.65897501,0.02393726,0.07378831,00
0.58515197,0.64280647,0.01541020,0.06292242,00

