0.39258820,0.44680223,0.01310845,0.04156663,09
0.48061413,0.40830496,0.01265173,0.03494999,09
0.71238297,0.56239301,0.01185609,0.03659697,09
0.35520020,0.81076717,0.37697881,0.38354966,02
0.89220697,0.91380310,0.21285613,0.16688438,02
0.68660957,0.65347397,0.02158484,0.09330372,00
0.65870762,0.65616649,0.01999813,0.09032065,00
0.15532911,0.65256047,0.04078466,0.15769027,00
0.51307827,0.64688456,0.01213894,0.05683590,00
0.73208725,0.65556949,0.02480597,0.08011872,00
0.58391172,0.64207846,0.01873182,0.06966642,00

