0.39265794,0.44691959,0.01338278,0.04240834,09
0.48051339,0.40830672,0.01266274,0.03495137,09
0.71223938,0.56225717,0.01227104,0.03679878,09
0.26227254,0.46889448,0.01581737,0.07140233,09
0.35504675,0.80954713,0.37585276,0.38678858,02
0.89278686,0.91633129,0.21201931,0.16668010,02
0.65802872,0.65461832,0.02133158,0.09318142,00
0.68684345,0.65329105,0.02370175,0.09037821,00
0.15509191,0.64984810,0.04143167,0.15237458,00
0.72958666,0.65748030,0.02367735,0.08430751,00
0.51193428,0.64200854,0.01209977,0.06157451,00
0.58310491,0.64104742,0.01989250,0.07073280,00

