0.39277866,0.44690856,0.01333740,0.04197557,09
0.48038936,0.40831783,0.01267216,0.03562196,09
0.71215689,0.56256109,0.01221036,0.03645208,09
0.35474545,0.80455458,0.37984893,0.38608015,02
0.84007311,0.65510803,0.09504407,0.10290577,02
0.65712416,0.65228963,0.02112150,0.08978887,00
0.15374181,0.65176368,0.04148164,0.15436247,00
0.68729556,0.65486622,0.02580661,0.09104819,00
0.72941208,0.65708613,0.02335139,0.08205847,00
0.51120198,0.64197332,0.01313250,0.06530109,00
0.58408314,0.64232647,0.01923146,0.06725083,00

