0.39281398,0.44733572,0.01320898,0.04196424,09
0.48190850,0.41409901,0.01339290,0.04026831,09
0.71354520,0.56117928,0.01273624,0.03469142,09
0.35472029,0.80897522,0.38265482,0.38126117,02
0.89313829,0.91272515,0.20899029,0.16970713,02
0.83721459,0.65397048,0.08837830,0.10284293,02
0.65858799,0.65394312,0.02102091,0.09153597,00
0.14485021,0.65698850,0.03736026,0.15022926,00
0.68752629,0.65574449,0.02355895,0.09098741,00
0.72955090,0.65789628,0.02135125,0.08456761,00
0.51150805,0.64431113,0.01369670,0.05932046,00
0.91264504,0.70407790,0.04257811,0.19221510,00
0.58420533,0.64258808,0.01906432,0.06689849,00

