0.39267808,0.44713837,0.01332395,0.04093470,09
0.48096913,0.40816420,0.01247515,0.03426295,09
0.71318692,0.56148499,0.01304120,0.03528722,09
0.35389656,0.81079602,0.38034767,0.38193330,02
0.83593988,0.65512860,0.08990857,0.10447124,02
0.89267617,0.91703141,0.21027580,0.16700059,02
0.14139742,0.65877789,0.03932743,0.15364550,00
0.65820342,0.65334189,0.02321023,0.08814371,00
0.68751359,0.65319920,0.02618830,0.09302859,00
0.72964931,0.65910256,0.02115967,0.08109273,00
0.89137334,0.70368886,0.02941022,0.17803952,00
0.58473217,0.64281076,0.01785946,0.06468313,00

