0.39273971,0.44700089,0.01317739,0.04107636,09
0.71292484,0.56184572,0.01321367,0.03631629,09
0.48087421,0.40818125,0.01236676,0.03410488,09
0.35407069,0.81043118,0.38042268,0.38565022,02
0.83530635,0.65510237,0.08914866,0.10426471,02
0.13970786,0.65739739,0.04457617,0.15880968,00
0.73113018,0.66038311,0.02067928,0.08281288,00
0.68713892,0.65480876,0.02475509,0.09019321,00
0.66076869,0.65521139,0.02102233,0.08621334,00
0.88998556,0.70525867,0.03085697,0.18229130,00
0.58438694,0.64269465,0.01677752,0.06438695,00

