0.39338872,0.44869801,0.01324419,0.04071502,09
0.48155770,0.41400108,0.01340897,0.04010721,09
0.71257019,0.56387049,0.01235275,0.03647215,09
0.35418636,0.80656755,0.37763938,0.37559682,02
0.83398944,0.65583211,0.08511227,0.09979465,02
0.68819928,0.65730000,0.02488573,0.08585234,00
0.13581443,0.66077328,0.04821995,0.15008286,00
0.88438910,0.70733219,0.03537367,0.19419686,00
0.66037619,0.65472293,0.02143092,0.08739384,00
0.73091781,0.66170406,0.02224943,0.07687411,00
0.58427596,0.64321625,0.01603907,0.06555880,00

