0.39344138,0.44869730,0.01295172,0.03958556,09
0.48172122,0.41390383,0.01326038,0.03931352,09
0.71275836,0.56317383,0.01259821,0.03672749,09
0.35362720,0.80748039,0.37723336,0.37850687,02
0.83302224,0.65247047,0.08386269,0.09951048,02
0.16829208,0.60774845,0.06118802,0.06908068,02
0.13174853,0.66012198,0.04702357,0.15595739,00
0.68922269,0.65535396,0.02469594,0.09408574,00
0.73103821,0.66001773,0.02064473,0.08112094,00
0.65971673,0.65376288,0.02291464,0.08682628,00
0.88141155,0.70743436,0.04186937,0.20582350,00
0.64025939,0.64942873,0.02079813,0.08276580,00
0.58580458,0.64231813,0.01641832,0.06752708,00

