0.39323968,0.44853327,0.01286380,0.03937121,09
0.48169842,0.41385993,0.01333773,0.03935630,09
0.71317112,0.56273937,0.01249262,0.03467442,09
0.35366833,0.80852932,0.37622032,0.37753186,02
0.16809292,0.60641283,0.06528541,0.07008205,02
0.98251641,0.66634113,0.03411710,0.07247598,02
0.13031298,0.65598840,0.04589878,0.16375796,00
0.68931496,0.65457177,0.02897478,0.09716030,00
0.73179901,0.66066617,0.02087225,0.07957707,00
0.65800953,0.65458006,0.02102163,0.08500879,00
0.64124852,0.65241438,0.01933848,0.08617437,00
0.88299036,0.70659739,0.04408553,0.21224317,00
0.58559418,0.64156085,0.01613220,0.06895679,00

