0.39336768,0.44867030,0.01284948,0.03913407,09
0.71279156,0.56478059,0.01257474,0.03771940,09
0.48171061,0.41388959,0.01329853,0.03911369,09
0.35358995,0.80801511,0.37821817,0.37451017,02
0.16733076,0.60742611,0.06050464,0.07139184,02
0.89296806,0.92656654,0.20814517,0.15706463,02
0.83290130,0.65283293,0.08400968,0.10078010,02
0.12930104,0.65362364,0.04256404,0.16404645,00
0.68993723,0.65694505,0.02792708,0.09595042,00
0.64174485,0.65426368,0.02226925,0.08776145,00
0.87134278,0.69881904,0.03462728,0.16989647,00
0.73264009,0.66024727,0.02090352,0.07915672,00

