0.39335415,0.44866472,0.01287121,0.03947721,09
0.71307415,0.56463051,0.01262978,0.03803758,09
0.48170179,0.41391030,0.01313826,0.03938290,09
0.35417518,0.80641150,0.37781146,0.37548244,02
0.16787067,0.61068189,0.05932059,0.07159029,02
0.89368975,0.92695397,0.21249437,0.15384449,02
0.12717779,0.65048426,0.04198397,0.16519789,00
0.87189150,0.70143181,0.03924086,0.18366389,00
0.68965936,0.65617537,0.02900963,0.09434343,00
0.64262354,0.65176284,0.02213420,0.08483890,00
0.73248440,0.66163242,0.02162740,0.07632349,00
0.58487064,0.64248890,0.01827279,0.06637800,00

