0.39322421,0.44874457,0.01296997,0.04007865,09
0.48165983,0.41385552,0.01308932,0.03841871,09
0.71334136,0.56569308,0.01234827,0.03842827,09
0.35301250,0.80805618,0.38020706,0.37823078,02
0.16552912,0.61251241,0.05782785,0.08768612,02
0.89372414,0.92605084,0.20713861,0.15593925,02
0.12182368,0.65002972,0.04267059,0.15437929,00
0.69001091,0.65821779,0.03149772,0.08950825,00
0.87160015,0.70044202,0.04171592,0.18216784,00
0.64062244,0.65434617,0.02229286,0.08144246,00
0.73170507,0.66177338,0.02483724,0.07686136,00
0.65867525,0.65592748,0.01944034,0.07796791,00

