0.39331996,0.44878033,0.01324203,0.04143140,09
0.48132190,0.41383937,0.01314327,0.03933199,09
0.71292984,0.56301415,0.01256257,0.03762589,09
0.35392088,0.80735093,0.38522738,0.37707293,02
0.16520612,0.61314070,0.05796199,0.08926316,02
0.89379561,0.92177427,0.20675063,0.16237092,02
0.98367870,0.66616261,0.03214132,0.06769673,02
0.11969395,0.64864421,0.04196341,0.15479405,00
0.68967903,0.65682530,0.02813189,0.09255151,00
0.87118196,0.69777709,0.04433439,0.19048390,00
0.73317307,0.66025752,0.02050168,0.07765510,00
0.64038312,0.65521461,0.02192068,0.08292640,00

