0.39324322,0.44861424,0.01314741,0.04096505,09
0.48121166,0.41389170,0.01315134,0.03895443,09
0.71330935,0.56426656,0.01213007,0.03835115,09
0.35362199,0.80854255,0.38469627,0.37531537,02
0.81413901,0.66176802,0.05819238,0.06462850,02
0.16401294,0.61220443,0.05839034,0.09156045,02
0.89461434,0.92547071,0.20461588,0.15617980,02
0.98394442,0.66613084,0.03206549,0.06927644,02
0.11630501,0.64418924,0.04189499,0.15967448,00
0.87010700,0.70174968,0.04364902,0.18578096,00
0.64046222,0.65502667,0.02319397,0.08453053,00
0.68971819,0.65884864,0.02836149,0.07981551,00
0.73429585,0.65863299,0.02099376,0.07471489,00
0.58444381,0.64282477,0.01859800,0.06736892,00

