0.39334649,0.44851634,0.01305386,0.04136082,09
0.71319211,0.56386346,0.01210523,0.03839432,09
0.48118711,0.41388610,0.01298058,0.03859310,09
0.35400599,0.80655944,0.38520676,0.37470546,02
0.80976886,0.66177219,0.04872194,0.06682606,02
0.16430639,0.61483443,0.05761307,0.07152917,02
0.98187000,0.66649717,0.03451293,0.06878957,02
0.89330900,0.92344242,0.20769311,0.16107513,02
0.86476338,0.70918679,0.04175124,0.19013172,00
0.11351875,0.64695293,0.04308403,0.15278691,00
0.63957667,0.65670007,0.02029372,0.08421130,00
0.68994975,0.65974808,0.02539182,0.08627363,00
0.73389494,0.65996432,0.02060104,0.07772462,00
0.58395982,0.64419371,0.02062573,0.06584345,00

