0.39330044,0.44864073,0.01324821,0.04186063,09
0.71300226,0.56422114,0.01233023,0.03734349,09
0.48142847,0.41389334,0.01302006,0.03820146,09
0.35389918,0.80713212,0.38385367,0.37743548,02
0.81265795,0.66192114,0.05069630,0.06676082,02
0.98193610,0.66650003,0.03420023,0.06912183,02
0.89357060,0.92111641,0.20459074,0.16255373,02
0.16280797,0.61147773,0.06258576,0.09251848,02
0.11030789,0.64900756,0.04148890,0.15275493,00
0.86422861,0.71002620,0.04164717,0.17726246,00
0.64026177,0.65542394,0.02184736,0.08539981,00
0.68942183,0.65712053,0.02376221,0.08825462,00
0.73407006,0.65861034,0.02005911,0.07903176,00
0.58359659,0.64317954,0.02125828,0.06556660,00
0.66284978,0.65664089,0.01631129,0.06978604,00

