0.71298176,0.56374222,0.01259490,0.03680264,09
0.39301515,0.44854364,0.01315380,0.04189094,09
0.48136383,0.41391292,0.01302135,0.03862995,09
0.35392350,0.80628765,0.38301089,0.37832263,02
0.81329268,0.66139448,0.04952018,0.06275252,02
0.89265692,0.92129940,0.20874678,0.16740595,02
0.16377069,0.61027229,0.06161208,0.09202508,02
0.98209238,0.66759372,0.03462250,0.07316127,02
0.10913575,0.65115589,0.04262358,0.15659018,00
0.86007851,0.70602387,0.04486371,0.16890220,00
0.63851678,0.65494758,0.02297351,0.08648806,00
0.69103295,0.65826875,0.02534603,0.09192438,00
0.73451555,0.65813148,0.02031770,0.07922071,00
0.58344525,0.64220876,0.02132353,0.06643692,00
0.66253638,0.65643638,0.01607167,0.07046253,00

