0.71322054,0.56367052,0.01250940,0.03782791,09
0.39324468,0.44862443,0.01290283,0.04153490,09
0.48135060,0.41382509,0.01315993,0.03815639,09
0.35336760,0.80575019,0.37932765,0.37903211,02
0.81346858,0.66327888,0.05027902,0.06208532,02
0.16141930,0.61074656,0.07608234,0.09261947,02
0.98186779,0.66672927,0.03447852,0.07238525,02
0.10807262,0.64938188,0.04412264,0.15968789,00
0.63767207,0.65405214,0.02150835,0.08655179,00
0.85995740,0.70640361,0.04684694,0.16247508,00
0.73490965,0.65768057,0.01886224,0.07875023,00
0.69052070,0.65887177,0.02394686,0.09145585,00
0.66254753,0.65584433,0.01621573,0.07579426,00
0.58420676,0.64186138,0.02016416,0.06748043,00

