0.83858728,0.59605336,0.06970200,0.04581102,25
0.71352589,0.56229234,0.01269028,0.03746651,09
0.39331907,0.44824690,0.01278901,0.04246827,09
0.48136425,0.41383976,0.01278699,0.03842807,09
0.35385847,0.80900234,0.38608077,0.37534702,02
0.81325358,0.66070288,0.04916237,0.05800664,02
0.16136070,0.60982621,0.07603469,0.09301791,02
0.10655002,0.64879376,0.04357082,0.15944688,00
0.63683397,0.65376335,0.01982085,0.09375554,00
0.73419034,0.65904802,0.01718477,0.08527263,00
0.69021904,0.65831941,0.02240200,0.09763683,00
0.85763133,0.70699459,0.04651897,0.17191014,00
0.66304600,0.65511441,0.01679617,0.08125485,00
0.58522332,0.64277184,0.01765197,0.06651758,00

