0.83839846,0.59588629,0.07066862,0.04548927,25
0.71341729,0.56208211,0.01278931,0.03702850,09
0.39352918,0.44870576,0.01264920,0.04285400,09
0.48093653,0.41375139,0.01269084,0.03801436,09
0.35408929,0.80555928,0.38302717,0.37497589,02
0.81297225,0.66126311,0.04366391,0.05874660,02
0.89448655,0.92153108,0.20564587,0.17089669,02
0.10498307,0.65305257,0.04716774,0.15999095,00
0.73449540,0.65993607,0.01794289,0.08262914,00
0.66282099,0.65679747,0.01664987,0.08221833,00
0.63766491,0.65425652,0.01962040,0.08868042,00
0.69081187,0.65906942,0.02128760,0.09226366,00
0.84233159,0.70865434,0.04893231,0.16309060,00
0.61781025,0.64733064,0.01186200,0.06221582,00

