0.83834153,0.59468901,0.07346740,0.04485795,25
0.71310198,0.56281084,0.01317575,0.03599857,09
0.39363301,0.44871777,0.01245133,0.04164625,09
0.48097515,0.41373733,0.01261707,0.03821381,09
0.35456282,0.80586302,0.38340676,0.37962756,02
0.81111181,0.66094661,0.04008196,0.06157240,02
0.98171985,0.66737294,0.03562805,0.07359272,02
0.89347744,0.92244750,0.20660579,0.16797335,02
0.16296121,0.60924476,0.07772133,0.09603265,02
0.10332541,0.65009844,0.04736609,0.16189034,00
0.84130585,0.70386511,0.04743105,0.16012965,00
0.69057107,0.66051227,0.02026178,0.09046868,00
0.66274738,0.65754122,0.01495598,0.07459623,00
0.63688362,0.65620160,0.01853049,0.08656881,00
0.73534185,0.65882415,0.01650339,0.08326447,00
0.61725861,0.64881599,0.01148635,0.06067425,00

