0.83815020,0.59547198,0.06897463,0.04556749,25
0.39346403,0.44744921,0.01277848,0.04272785,09
0.48129272,0.41426858,0.01334009,0.04049030,09
0.71314055,0.56266743,0.01319819,0.03605601,09
0.35430893,0.80627292,0.38454774,0.38520107,02
0.81008416,0.66096425,0.04118064,0.06070822,02
0.98239052,0.66687024,0.03459140,0.06999108,02
0.16395342,0.61034423,0.07810073,0.09451002,02
0.89283645,0.92593402,0.20916358,0.15690646,02
0.66264254,0.65762204,0.01623087,0.07979109,00
0.84025586,0.70266747,0.04504604,0.15569499,00
0.63485050,0.65318519,0.01965727,0.09240035,00
0.10206594,0.64819151,0.04537220,0.16296053,00
0.73273128,0.65964031,0.01682173,0.08981449,00
0.69175065,0.66051042,0.02184990,0.08939447,00
0.58590668,0.64394873,0.01635142,0.06252734,00
0.61644566,0.64739031,0.01213409,0.06388525,00

