0.83746988,0.59505588,0.06992070,0.04617035,25
0.39320511,0.44750756,0.01225298,0.04343281,09
0.71328509,0.56276482,0.01295011,0.03574660,09
0.48131385,0.41426939,0.01329718,0.04054854,09
0.35401684,0.80394512,0.37755513,0.38536325,02
0.80887425,0.66099292,0.04012191,0.06283452,02
0.89441854,0.91752470,0.20521420,0.17885754,02
0.98219156,0.66713876,0.03470420,0.06994721,02
0.16465290,0.61156672,0.08046625,0.09092625,02
0.83835936,0.70206010,0.04671324,0.16833349,00
0.66207254,0.65718025,0.01650279,0.08045898,00
0.09589224,0.64740175,0.04567604,0.17419021,00
0.63355780,0.65432107,0.02001038,0.09255958,00
0.69043887,0.66218746,0.02086620,0.08853298,00
0.73362505,0.66028202,0.01759304,0.08866090,00

