0.83690578,0.59624600,0.06785924,0.04470985,25
0.71342498,0.56340116,0.01267634,0.03778121,09
0.39340252,0.44722992,0.01245328,0.04270989,09
0.48130083,0.41424280,0.01344583,0.04067968,09
0.35408893,0.80425161,0.38219446,0.38654438,02
0.16317925,0.61145627,0.08279856,0.08992430,02
0.80795622,0.65823561,0.03689336,0.05875537,02
0.98207343,0.66664165,0.03452523,0.06945446,02
0.09447090,0.64540309,0.04616307,0.16788632,00
0.63265002,0.65499389,0.01928843,0.08849464,00
0.66166800,0.65823805,0.01570497,0.07419829,00
0.69201458,0.66339022,0.02363718,0.08750978,00
0.83667266,0.70730621,0.04307541,0.17476059,00
0.73490453,0.66225308,0.01774075,0.08419141,00

