0.83615065,0.59629470,0.07011587,0.04546957,25
0.71274465,0.56235141,0.01244404,0.03877602,09
0.39330557,0.44719926,0.01252919,0.04195699,09
0.48134676,0.41421837,0.01339745,0.04072738,09
0.35415858,0.80506486,0.38498378,0.38366684,02
0.16934595,0.60963398,0.05826200,0.09428033,02
0.09019849,0.64722055,0.04338568,0.15685396,00
0.66166699,0.65941709,0.01712020,0.07962209,00
0.63209140,0.65386117,0.01958593,0.09449023,00
0.83430421,0.70909518,0.04552402,0.18010572,00
0.69060791,0.66258168,0.02152576,0.09346088,00
0.73463750,0.66111392,0.01799403,0.08361009,00

