0.83640003,0.59496802,0.06917339,0.04622639,25
0.39345378,0.44717196,0.01258322,0.04243722,09
0.71322560,0.56281495,0.01244921,0.03811285,09
0.48132223,0.41424653,0.01347408,0.04113153,09
0.35459813,0.80698895,0.38334605,0.38292435,02
0.16990401,0.60963100,0.05769168,0.09522898,02
0.08866917,0.64268798,0.04140859,0.16385853,00
0.63297093,0.65260971,0.01874965,0.09710387,00
0.66218907,0.65954566,0.01661519,0.08242053,00
0.83209580,0.70717776,0.04209451,0.17439567,00
0.68963987,0.66311902,0.02036969,0.09404380,00
0.73527181,0.66175622,0.01633760,0.07931986,00

