0.83567971,0.59459871,0.06844871,0.04541513,25
0.39303204,0.44639856,0.01275779,0.04142221,09
0.71391702,0.56285292,0.01228332,0.03686191,09
0.48135108,0.41417173,0.01352432,0.04102306,09
0.35482949,0.80907875,0.39238292,0.37598714,02
0.16520801,0.60899484,0.08141003,0.09347767,02
0.89435351,0.92283255,0.20915857,0.16747236,02
0.66304052,0.65907919,0.01773430,0.08356636,00
0.63122642,0.65425301,0.02021574,0.09565395,00
0.82916623,0.70736295,0.04032390,0.17354350,00
0.69011110,0.66312891,0.02067930,0.09084781,00
0.08624008,0.64216542,0.04028625,0.16598633,00
0.73601598,0.66082180,0.01623751,0.07776086,00

