0.83549291,0.59480226,0.06858463,0.04234516,25
0.71337134,0.56260246,0.01228183,0.03826831,09
0.39291883,0.44747141,0.01279722,0.04317417,09
0.48128694,0.41421953,0.01348207,0.04149183,09
0.35524121,0.80604810,0.38440418,0.37502551,02
0.16617925,0.60935152,0.07905581,0.08994549,02
0.66448629,0.65721959,0.01857615,0.08755103,00
0.63075149,0.65209132,0.02011596,0.09543931,00
0.82964265,0.70392144,0.03883092,0.18074095,00
0.08502480,0.64554781,0.04197220,0.16399971,00
0.68994790,0.66033500,0.02075215,0.08909885,00
0.73607641,0.66232848,0.01631317,0.07860587,00
0.61340749,0.64734405,0.01372096,0.06714860,00

