0.83513659,0.59470671,0.06959248,0.04152710,25
0.39297518,0.44770020,0.01237833,0.04404189,09
0.71288127,0.56251174,0.01278766,0.03811851,09
0.48129791,0.41434681,0.01337237,0.04142666,09
0.35470396,0.80355716,0.38628647,0.37884128,02
0.16890554,0.60663813,0.07669464,0.09616507,02
0.89308846,0.92183894,0.20804603,0.16948910,02
0.62994772,0.65215009,0.02180547,0.10174465,00
0.08297458,0.64828831,0.04206047,0.16487946,00
0.66373748,0.65612721,0.01736875,0.08334319,00
0.81830227,0.70781285,0.03600591,0.17489116,00
0.68900758,0.65935647,0.02096971,0.09301706,00
0.73598117,0.66109180,0.01586947,0.07746766,00

