0.83557671,0.59464395,0.06975330,0.04246570,25
0.39316678,0.44748309,0.01243230,0.04432295,09
0.48130950,0.41425562,0.01346106,0.04131518,09
0.71294379,0.56200135,0.01252920,0.03828462,09
0.16885658,0.60792655,0.08066583,0.09399556,02,07
0.35445732,0.80439627,0.38485077,0.38169914,02
0.66320562,0.65695918,0.01794112,0.08765237,00
0.08066928,0.65047795,0.04386914,0.16548438,00
0.81672192,0.70838106,0.03567386,0.17054377,00
0.63042563,0.65135914,0.01958695,0.09817509,00
0.69127738,0.66311133,0.02187435,0.09810879,00
0.73558605,0.65989298,0.01575796,0.08262528,00
0.98612756,0.73141438,0.02650753,0.20088732,00
0.61431974,0.64634204,0.01382757,0.07017905,00
0.58766639,0.64374751,0.01522511,0.06718247,00

