0.83494484,0.59455746,0.07311522,0.04336930,25
0.39319819,0.44733340,0.01225328,0.04420461,09
0.48122293,0.41434938,0.01326511,0.04089624,09
0.71236813,0.56338507,0.01275945,0.03916115,09
0.17011866,0.60702670,0.07953026,0.09412690,07
0.35396826,0.80263859,0.38434815,0.38384897,02
0.17793882,0.61122149,0.07938991,0.08957736,02
0.81398427,0.70648277,0.03686533,0.17863780,00
0.07866096,0.64898223,0.04497116,0.16746314,00
0.66429484,0.65604800,0.01776315,0.08439532,00
0.62988812,0.65089017,0.02060413,0.10644796,00
0.69156724,0.65979850,0.02194628,0.09004780,00
0.58722204,0.64260173,0.01620713,0.06841969,00
0.61544025,0.64618230,0.01501068,0.07131211,00
0.98516405,0.73022872,0.02875561,0.20102119,00
0.73668975,0.65985030,0.01552290,0.08011860,00

