0.39305484,0.44737852,0.01261822,0.04437476,09
0.48142868,0.41428956,0.01336698,0.04061769,09
0.71253586,0.56266117,0.01232179,0.03664768,09
0.35360476,0.80364007,0.38471407,0.38499138,02
0.17784923,0.61041033,0.07753585,0.09372137,02
0.89434415,0.92428303,0.20601940,0.16374533,02
0.81187135,0.70653439,0.03342034,0.17117563,00
0.66282582,0.65687913,0.01687958,0.08277927,00
0.63009083,0.65016454,0.01931846,0.10026875,00
0.07785026,0.64611351,0.04420677,0.17058273,00
0.69125110,0.66193801,0.02081284,0.09645473,00
0.58691251,0.64278138,0.01471754,0.06704892,00
0.73654336,0.66101283,0.01579391,0.07981778,00
0.61369067,0.64555037,0.01344837,0.06750686,00
0.71225166,0.65404540,0.01544156,0.07329807,00

