0.39322680,0.44735402,0.01281519,0.04489715,09
0.48133343,0.41427788,0.01341331,0.04128614,09
0.71243560,0.56278932,0.01229924,0.03767061,09
0.35386112,0.80384666,0.38674578,0.38507429,02
0.17855927,0.61222345,0.08233700,0.08971947,02
0.80938226,0.70356649,0.03301611,0.18279879,00
0.66363090,0.65596193,0.01734447,0.08208675,00
0.07082321,0.64733946,0.04544835,0.15626158,00
0.62891632,0.65030402,0.02065159,0.10086010,00
0.58713186,0.64195955,0.01576670,0.06891438,00
0.73564035,0.65760630,0.01601618,0.08106075,00
0.68821132,0.65762573,0.02013699,0.08522713,00

