0.39306989,0.44721028,0.01278789,0.04446871,09
0.71216440,0.56328690,0.01269379,0.03712447,09
0.48135194,0.41428310,0.01346300,0.04121610,09
0.17058285,0.60795993,0.08244315,0.09476823,07
0.35402939,0.80221754,0.38794807,0.38563862,02
0.89430487,0.92371064,0.20592140,0.16697827,02
0.17767034,0.61148590,0.07932232,0.09231388,02
0.80800229,0.70292383,0.03679562,0.17774089,00
0.07050656,0.64712781,0.04782616,0.15248832,00
0.66450870,0.65441489,0.01675517,0.07923747,00
0.62858403,0.65000069,0.02153777,0.10468398,00
0.73700225,0.66115415,0.01666399,0.08035982,00
0.58644068,0.64141965,0.01719392,0.06886222,00
0.68991941,0.65867263,0.02076200,0.08662642,00
0.71086287,0.65437031,0.01645547,0.07241087,00

