0.39327043,0.44688872,0.01248733,0.04413121,09
0.71260023,0.56075770,0.01245378,0.03517896,09
0.48118550,0.41431582,0.01331330,0.04104386,09
0.35385638,0.80437094,0.38467500,0.38485262,02
0.17770351,0.61167318,0.07977923,0.09148708,02
0.89433765,0.92250752,0.20676908,0.17133553,02
0.80672514,0.70628780,0.03931151,0.19593920,00
0.06563507,0.65062523,0.04947758,0.15760750,00
0.66437370,0.65517533,0.01592654,0.07332268,00
0.62867081,0.64875370,0.02152043,0.10005306,00
0.73529100,0.66018963,0.01659519,0.07817312,00
0.68981928,0.65930247,0.02151011,0.08818594,00
0.58803594,0.64291483,0.01567332,0.06380421,00
0.71449906,0.65362138,0.01590586,0.07471868,00
0.61607850,0.64770794,0.01598709,0.06828972,00

