0.39323080,0.44691643,0.01258380,0.04369630,09
0.48110384,0.41418970,0.01332833,0.04095693,09
0.71369469,0.56086421,0.01268114,0.03439181,09
0.17153195,0.60783494,0.08083881,0.09415828,07
0.35480532,0.80368406,0.38497066,0.38546875,02
0.17825019,0.61245024,0.07962736,0.09229381,02
0.90643597,0.92687911,0.19512616,0.17395048,02
0.79614854,0.70930409,0.04574565,0.18511477,00
0.66444415,0.65494764,0.01708587,0.07789052,00
0.06410249,0.65247673,0.04882821,0.15566738,00
0.62917244,0.64922774,0.02161266,0.09932482,00
0.73409241,0.66118640,0.01717035,0.07626232,00
0.69035852,0.65862089,0.02077691,0.09015096,00
0.58792508,0.64259142,0.01613151,0.06630561,00
0.61660981,0.64778578,0.01645001,0.07094428,00

