0.39331049,0.44704211,0.01209080,0.04291729,09
0.48107967,0.41421568,0.01322330,0.04056311,09
0.71297127,0.56137407,0.01268086,0.03563883,09
0.35462564,0.80395794,0.38440916,0.38371736,02
0.17877761,0.61066151,0.07857464,0.09393854,02
0.79505670,0.71403271,0.04871510,0.18111736,00
0.06227965,0.65059686,0.04779736,0.15240037,00
0.66405916,0.65339845,0.01656261,0.07666187,00
0.62917393,0.64848816,0.02152755,0.09909937,00
0.73588097,0.66352624,0.01843435,0.07894064,00
0.69098169,0.65689147,0.02058194,0.08886269,00
0.58790088,0.64216524,0.01579729,0.06503739,00
0.61763030,0.64870441,0.01839429,0.07639661,00

