0.48163548,0.41469967,0.01287421,0.04179274,09
0.39328283,0.44922617,0.01304203,0.03980009,09
0.71337599,0.56207496,0.01362812,0.03356491,09
0.35385126,0.80184424,0.38503560,0.38603082,02
0.17919633,0.61368781,0.07862598,0.08800437,02
0.05957420,0.64562970,0.04478898,0.15748675,00
0.79347932,0.71410960,0.04899432,0.18431133,00
0.66389489,0.65257293,0.01629638,0.07713266,00
0.73621094,0.66358775,0.01955024,0.08045366,00
0.62922114,0.64901847,0.02062049,0.09633070,00
0.96913260,0.73824841,0.04641674,0.16885966,00
0.58846074,0.64198232,0.01740747,0.06927492,00
0.61793941,0.64942455,0.01808511,0.07573260,00

