0.83566284,0.59478742,0.07555319,0.03916952,25
0.48170739,0.41461864,0.01310030,0.04151384,09
0.39336058,0.44925636,0.01314648,0.04027386,09
0.35331637,0.80506307,0.38678885,0.38248822,02
0.17895679,0.61218369,0.08141738,0.09206106,02
0.05672966,0.64356840,0.04143015,0.15780549,00
0.79192764,0.71576947,0.05046289,0.18899994,00
0.66474462,0.65398258,0.01734988,0.07924605,00
0.96824855,0.73535275,0.04917408,0.18376556,00
0.73550254,0.66283154,0.01813654,0.07822003,00
0.69094127,0.65726101,0.02138838,0.09001436,00
0.58800876,0.64249665,0.01725588,0.06625120,00
0.63021868,0.64866251,0.02075485,0.09815989,00
0.61706030,0.64954716,0.01722501,0.07402508,00

