0.39361018,0.44927752,0.01296392,0.03988425,09
0.48161316,0.41468427,0.01310822,0.04190781,09
0.71326321,0.55978274,0.01333823,0.03120799,09
0.18053633,0.61187345,0.08574966,0.09415302,02,07
0.35251394,0.80289567,0.38572609,0.38576567,02
0.89482415,0.91790670,0.20716657,0.17469113,02
0.05447059,0.64103866,0.03557804,0.15239091,00
0.96650589,0.73170120,0.05607248,0.18197598,00
0.79045850,0.71313471,0.04869678,0.18594402,00
0.66541028,0.65649092,0.01713012,0.07753027,00
0.73563135,0.66479522,0.01800447,0.08117714,00
0.69230628,0.65415227,0.02065320,0.09243750,00
0.58851939,0.64491290,0.01623340,0.06014723,00
0.61449099,0.64917815,0.01443964,0.06514060,00

