0.39343452,0.44900230,0.01327128,0.04039347,09
0.48168045,0.41469184,0.01300920,0.04179591,09
0.71354640,0.56244397,0.01319359,0.03294797,09
0.35307056,0.80373859,0.38404867,0.38271236,02
0.18186072,0.61267322,0.08633321,0.09359872,02
0.89445430,0.91548181,0.20774218,0.17666569,02
0.78555864,0.70929676,0.04877476,0.18549976,00
0.66519797,0.65475845,0.01741631,0.07700650,00
0.96352637,0.73269975,0.05514061,0.17853503,00
0.05341976,0.63920444,0.03666551,0.16379917,00
0.61636388,0.64892840,0.01685566,0.07195820,00
0.69053459,0.65770382,0.02205027,0.09620537,00
0.58962381,0.64270270,0.01545286,0.06152824,00

