0.48166102,0.41458076,0.01303438,0.04123517,09
0.39357585,0.44906870,0.01333089,0.03970474,09
0.71340895,0.56289279,0.01318370,0.03277211,09
0.35325563,0.80414641,0.38653877,0.38494578,02
0.18251480,0.61147934,0.08757580,0.09521300,02
0.89324456,0.91905391,0.21121201,0.17164281,02
0.05198531,0.64056480,0.03541613,0.16362409,00
0.78135794,0.70332569,0.04387873,0.18136512,00
0.66577196,0.65583920,0.01663367,0.07882600,00
0.96347225,0.73139352,0.05656442,0.17807592,00
0.61679995,0.64954478,0.01795281,0.07820512,00
0.69098246,0.65791517,0.02029903,0.09485399,00
0.73346472,0.66016740,0.01562285,0.07980362,00

