0.48166347,0.41458800,0.01298844,0.04204309,09
0.39363652,0.44900641,0.01351857,0.04046720,09
0.35255185,0.80180085,0.38483769,0.38679177,02
0.89365351,0.92121834,0.20990096,0.17095217,02
0.18482438,0.61327511,0.09231699,0.09275676,02
0.78022444,0.70713401,0.03893102,0.17964026,00
0.04660345,0.64478737,0.03760954,0.17630425,00
0.61659086,0.65132517,0.01656903,0.07740574,00
0.66796482,0.65811557,0.01562277,0.07852605,00
0.95924652,0.73456806,0.05107249,0.17880316,00
0.58811843,0.64352649,0.01522169,0.05868815,00
0.73441958,0.65854257,0.01560139,0.07672527,00
0.68882591,0.65840995,0.01831802,0.09190647,00
0.70472449,0.65859550,0.02087255,0.09176924,00

