0.48169389,0.41455966,0.01302959,0.04145253,09
0.39361665,0.44888476,0.01336848,0.03994803,09
0.71344215,0.56223160,0.01286033,0.03384524,09
0.35330632,0.79882783,0.38306239,0.38299647,02
0.18480243,0.61179560,0.09572563,0.09268021,02
0.89250958,0.91934359,0.21275108,0.17816941,02
0.83913440,0.65979713,0.09066121,0.09543415,02
0.04490609,0.64103639,0.04401083,0.18152660,00
0.77134818,0.70451742,0.03138676,0.18001784,00
0.73571384,0.65976644,0.01742724,0.07843369,00
0.61899996,0.65176457,0.01861974,0.08218725,00
0.66821456,0.65717411,0.01494267,0.07409575,00
0.95669967,0.73533273,0.05388174,0.17595041,00
0.68813455,0.65821427,0.01881056,0.09618520,00
0.58841354,0.64260662,0.01628331,0.06027986,00

