0.39354414,0.44905078,0.01336268,0.04004084,09
0.48158723,0.41445795,0.01306191,0.04017452,09
0.35264796,0.79796952,0.38675565,0.37844166,02
0.89315522,0.92086488,0.21031974,0.17334333,02
0.83948314,0.66017020,0.09085072,0.09646863,02
0.18494253,0.61154342,0.09641056,0.09475175,02
0.09608111,0.60080040,0.08196588,0.07067899,02
0.76936960,0.70664471,0.03289413,0.18210995,00
0.04038813,0.63881946,0.04484523,0.18036291,00
0.61858505,0.65078777,0.01850475,0.08069375,00
0.66796762,0.65628177,0.01661484,0.07690323,00
0.73594111,0.65869957,0.01789297,0.07897995,00
0.68873233,0.65730691,0.02087978,0.09364486,00
0.58793914,0.64232755,0.01650541,0.05981837,00

