0.39355248,0.44889486,0.01333140,0.03963530,09
0.48174459,0.41444051,0.01309937,0.04071750,09
0.71342218,0.56058353,0.01280587,0.03113002,09
0.18315391,0.61167723,0.09250091,0.09287436,02,07
0.35249233,0.79964983,0.38424024,0.37958825,02
0.89385730,0.91827732,0.20824803,0.17885233,02
0.09130158,0.59956974,0.06051813,0.06554068,02
0.83879220,0.66068745,0.09215945,0.09348925,02
0.76760763,0.70677024,0.03576112,0.18319729,00
0.61933029,0.65276694,0.02010077,0.08428774,00
0.73643404,0.66124183,0.01851437,0.08166091,00
0.66696352,0.65446311,0.01629831,0.07540757,00
0.03892801,0.64075863,0.04654833,0.16777790,00
0.89402735,0.69423801,0.02835849,0.16595189,00
0.58641434,0.64283442,0.01882810,0.06077421,00
0.68642700,0.65573364,0.02008753,0.09507156,00

