0.39367002,0.44891882,0.01329716,0.03989121,09
0.71346104,0.56203663,0.01296977,0.03386046,09
0.48188886,0.41442481,0.01323251,0.04031688,09
0.18623346,0.61167616,0.09452142,0.09324934,07
0.35321334,0.79972363,0.38055745,0.37956554,02
0.83736765,0.66118079,0.09018702,0.09074652,02
0.76203728,0.70636809,0.03616820,0.18271922,00
0.61876309,0.65350056,0.01841421,0.08284886,00
0.66643965,0.65617561,0.01673320,0.07637575,00
0.73545837,0.65854621,0.01788177,0.08071615,00
0.68627805,0.65733105,0.02072535,0.09996034,00
0.58631790,0.64211011,0.01735829,0.06331269,00

