0.39393902,0.44954544,0.01260648,0.04145372,09
0.48197669,0.41441041,0.01320182,0.04005306,09
0.18513633,0.61090946,0.09896361,0.09465256,02,07
0.35268855,0.79894614,0.37999043,0.38206547,02
0.83700705,0.65834916,0.09406135,0.10462798,02
0.89286834,0.92017972,0.20771392,0.17719473,02
0.75975335,0.70959777,0.03707464,0.19045530,00
0.62042934,0.65171689,0.01903133,0.08646803,00
0.03765418,0.63968551,0.04524658,0.17503096,00
0.66689456,0.65542352,0.01684788,0.08107150,00
0.68335402,0.65544552,0.01838608,0.10126870,00

