0.48191589,0.41433385,0.01321421,0.04004767,09
0.71331966,0.56256747,0.01360387,0.03532073,09
0.39290431,0.44955486,0.01331776,0.04064922,09
0.35334879,0.79829258,0.38009492,0.38257506,02
0.89366543,0.91813105,0.20562340,0.17985471,02
0.18631379,0.61078739,0.09941272,0.09448404,02
0.75751364,0.71084899,0.04116198,0.18623020,00
0.03571355,0.64127159,0.04244640,0.16387264,00
0.62072676,0.65286833,0.01897386,0.09020053,00
0.66774327,0.65738803,0.01685691,0.08322813,00
0.68485194,0.65619063,0.01880856,0.09939982,00
0.70588171,0.65810370,0.02030354,0.09495194,00
0.06049062,0.61068720,0.02287530,0.07768609,00
0.58496237,0.64119995,0.01836321,0.06547721,00
0.97903717,0.70815915,0.03628767,0.17183787,00

