0.39401883,0.44946128,0.01270999,0.04168351,09
0.48193565,0.41434649,0.01316459,0.03995993,09
0.71353865,0.56348664,0.01311765,0.03505942,09
0.18706478,0.61060417,0.09808358,0.09661521,02,07
0.35382128,0.79517108,0.37921572,0.38800177,02
0.89297229,0.91842401,0.20764728,0.18065973,02
0.75563085,0.70949256,0.04586319,0.18395260,00
0.03329440,0.64319670,0.03877617,0.16485377,00
0.62025589,0.65214914,0.01922558,0.09117732,00
0.68344057,0.65515482,0.01804777,0.09780712,00
0.66655642,0.65478855,0.01572178,0.07927975,00
0.06142899,0.61090988,0.01972422,0.07752106,00

