0.39366016,0.44955346,0.01326298,0.04274421,09
0.48156756,0.41442594,0.01328013,0.04060899,09
0.71324855,0.56145346,0.01314682,0.03242047,09
0.18819092,0.61014563,0.09883881,0.09258983,07
0.35377130,0.79831237,0.38180807,0.38546261,02
0.89369804,0.91910279,0.20615301,0.17826872,02
0.20408003,0.61597002,0.08697736,0.08724543,02
0.74483120,0.70890349,0.05109847,0.17722121,00
0.03366423,0.64320540,0.03868753,0.15517589,00
0.62010640,0.65184462,0.02020494,0.09081209,00
0.68296731,0.65372014,0.01905483,0.09974636,00
0.66729105,0.65268409,0.01734805,0.08087501,00
0.70857716,0.65285403,0.01886088,0.10180401,00
0.05941977,0.60958284,0.02069391,0.07813472,00
0.58428699,0.64090759,0.01932586,0.06403926,00

