0.48166147,0.41433820,0.01325899,0.04132212,09
0.71369231,0.56075203,0.01303553,0.03212514,09
0.39303762,0.44960657,0.01354409,0.04121552,09
0.18810211,0.60902560,0.10425591,0.09354005,07
0.35397124,0.79762852,0.38571665,0.38235474,02
0.89380753,0.92390496,0.20866434,0.17129256,02
0.20534077,0.61644900,0.09023820,0.08417176,02
0.74498427,0.70770282,0.05029564,0.17442131,00
0.03070421,0.64024550,0.04191378,0.16966803,00
0.62020576,0.65125066,0.01923748,0.09090009,00
0.68451440,0.65667504,0.01813778,0.09759311,00
0.66748416,0.65628976,0.01732213,0.08265217,00
0.06035095,0.60529941,0.01788690,0.07151581,00
0.71004403,0.65704763,0.01789700,0.08596435,00
0.58477819,0.64200431,0.01809736,0.06357646,00
0.81108743,0.66960603,0.02708941,0.08568891,00
0.93147105,0.70878190,0.03567300,0.20770328,00

