0.48170415,0.41435367,0.01324542,0.04115616,09
0.71385127,0.56199574,0.01311815,0.03370678,09
0.39297020,0.44953859,0.01350526,0.04126537,09
0.18965118,0.60949075,0.10118444,0.09506685,07
0.35418969,0.79938227,0.38686714,0.38369966,02
0.89382160,0.92266506,0.20723966,0.16843908,02
0.20424673,0.61527091,0.08987145,0.08766314,02
0.74376416,0.71111357,0.04834479,0.17545214,00
0.61921108,0.65096653,0.01964250,0.09330077,00
0.68403631,0.65603083,0.01800898,0.09175975,00
0.66778392,0.65654874,0.01665134,0.08189347,00
0.02930427,0.64039862,0.04144860,0.16213205,00
0.70728827,0.65852654,0.01785315,0.09354528,00
0.58433753,0.64245898,0.01783386,0.06335806,00
0.06034531,0.60427213,0.01803817,0.07137993,00

