0.39276776,0.44769019,0.01359374,0.03992828,09
0.71282828,0.56282127,0.01354069,0.03613986,09
0.48144513,0.40846646,0.01292112,0.03280754,09
0.19023858,0.60738367,0.10714919,0.09619614,07
0.35337013,0.79965127,0.38399932,0.38419119,02
0.89312238,0.92300850,0.20228948,0.17832090,02
0.74217635,0.71208549,0.04986389,0.17253070,00
0.61926270,0.65182275,0.02028267,0.09068836,00
0.68348122,0.65463865,0.02006660,0.09240098,00
0.02743863,0.63818431,0.04134924,0.17247029,00
0.66735953,0.65394253,0.01655260,0.07274228,00
0.81240654,0.68239331,0.02550447,0.10871166,00
0.96616477,0.71300381,0.03899448,0.17042437,00
0.58483547,0.64287734,0.01795973,0.06329728,00
0.06150614,0.60534537,0.01740714,0.06923715,00
0.71059716,0.65690267,0.01752952,0.08376236,00

