0.39279261,0.44766158,0.01350883,0.03975365,09
0.71358085,0.56231302,0.01345011,0.03747215,09
0.48233277,0.41351575,0.01338716,0.03736199,09
0.19084407,0.60774988,0.10463496,0.09427735,07
0.35476986,0.79731834,0.38353902,0.38065436,02
0.11352292,0.59901226,0.05005087,0.06315924,02
0.74074757,0.71164823,0.05105244,0.17271619,00
0.61951673,0.65219676,0.02079414,0.09010871,00
0.02146721,0.64442718,0.03772500,0.16470766,00
0.68138063,0.65620619,0.02079018,0.09982366,00
0.96185571,0.71361929,0.03712742,0.16757792,00
0.81091261,0.68311614,0.02664354,0.10864465,00
0.58512747,0.64158446,0.01747219,0.06311007,00
0.06205652,0.60479712,0.01704864,0.06544060,00
0.92052776,0.72993249,0.04841743,0.21819800,00

