0.39278254,0.44765928,0.01363280,0.04000430,09
0.71266526,0.56295884,0.01350154,0.03634464,09
0.48136669,0.40847576,0.01282166,0.03253387,09
0.19258285,0.60642475,0.10598964,0.09546743,07
0.35518184,0.80122280,0.38553047,0.37799346,02
0.73883951,0.71078843,0.04979604,0.17276718,00
0.61963463,0.65191329,0.02008631,0.09171990,00
0.68077719,0.65663129,0.02061695,0.10236342,00
0.95670670,0.71532166,0.03774505,0.17489199,00
0.58525676,0.64257401,0.01582101,0.06576037,00
0.80948085,0.67111796,0.02785015,0.10242631,00
0.06078060,0.60388660,0.01735276,0.06648639,00
0.93971479,0.71239185,0.03513938,0.17969123,00

