0.39283708,0.44744170,0.01385432,0.04062758,09
0.48142403,0.40847114,0.01273617,0.03227903,09
0.71319854,0.56239390,0.01360501,0.03529444,09
0.19289212,0.60727984,0.10199232,0.09602655,07
0.35451281,0.80231017,0.38089642,0.37908944,02
0.73779124,0.70458931,0.04637444,0.17569529,00
0.61870134,0.65013087,0.02001903,0.09146977,00
0.68097878,0.65771121,0.02093625,0.09773462,00
0.58498263,0.64222753,0.01624194,0.06716171,00
0.80904150,0.66925347,0.02749781,0.09990968,00
0.94059885,0.71244359,0.03622739,0.19139135,00
0.06210006,0.60535884,0.01767425,0.06839259,00

