0.39289361,0.44749108,0.01365651,0.04012047,09
0.48139173,0.40847689,0.01277224,0.03251885,09
0.71296680,0.56212538,0.01323122,0.03593301,09
0.19364388,0.60810935,0.10336301,0.09386609,07
0.35462251,0.80246985,0.38401392,0.38118640,02
0.13259228,0.59665644,0.03450103,0.06555913,02
0.73623019,0.70448768,0.03927187,0.16925852,00
0.68121016,0.65707707,0.02160347,0.10024264,00
0.61830407,0.64952689,0.02005364,0.08922285,00
0.80922633,0.67032450,0.02884059,0.10708016,00
0.94153434,0.71216971,0.03578107,0.19720811,00
0.58597767,0.64203161,0.01456679,0.06405811,00
0.70902085,0.65747803,0.01670467,0.09228332,00
0.06143867,0.60498446,0.01970554,0.06709610,00

