0.39282387,0.44747069,0.01393743,0.04028629,09
0.71272898,0.56184000,0.01340016,0.03522517,09
0.48141012,0.40847662,0.01272760,0.03251778,09
0.19477603,0.60762703,0.10581814,0.09536892,07
0.35503215,0.80018622,0.38157752,0.38368633,02
0.13145463,0.59616321,0.03704309,0.06622678,02
0.11375479,0.59894866,0.04638174,0.06362752,02
0.89299756,0.92781669,0.20660184,0.15824431,02
0.20373905,0.61123550,0.09974308,0.09529353,02
0.68303341,0.65522367,0.02179284,0.09458844,00
0.73249567,0.70382583,0.03940617,0.16270816,00
0.61801869,0.64887863,0.01908967,0.08577593,00
0.94072485,0.71195889,0.03910552,0.19188678,00
0.80881989,0.66969609,0.02718708,0.10125108,00
0.58643037,0.64256585,0.01432244,0.06450930,00
0.06124734,0.60474998,0.02210707,0.07160169,00

