0.39360693,0.44905430,0.01362403,0.04344649,09
0.71203166,0.56232816,0.01325655,0.03720384,09
0.48137778,0.40850040,0.01266815,0.03248505,09
0.19392601,0.60800302,0.10565677,0.09609163,07
0.35500833,0.80221123,0.38193280,0.37954214,02
0.89304447,0.92531884,0.20533724,0.16100825,02
0.20435755,0.61124671,0.09584940,0.09634268,02
0.10732839,0.59653682,0.08460343,0.06957526,02
0.68185246,0.65702528,0.02118887,0.10097722,00
0.71957296,0.69530129,0.03150716,0.18111673,00
0.61752629,0.64883631,0.01885329,0.08941060,00
0.73376638,0.69980639,0.03469812,0.17065978,00
0.94181836,0.70965981,0.04250497,0.19687431,00
0.80869073,0.67027301,0.02900332,0.10310446,00
0.58626020,0.64176178,0.01455466,0.06579676,00

