0.39362139,0.44901851,0.01360762,0.04327047,09
0.71306235,0.56291759,0.01342303,0.03785844,09
0.48234981,0.41351220,0.01336870,0.03816842,09
0.19437906,0.60806584,0.10503402,0.09670760,07
0.35437810,0.80398071,0.37845901,0.38062429,02
0.89403915,0.92441678,0.20439640,0.16403233,02
0.20404908,0.61015630,0.09984233,0.09820485,02
0.11279970,0.59760559,0.05492683,0.06802337,02
0.71817917,0.70157212,0.03540774,0.17313676,00
0.68378180,0.65466189,0.02036600,0.10262008,00
0.61835515,0.64765918,0.01960015,0.09130030,00
0.93999326,0.70975244,0.04070502,0.20127876,00
0.80838823,0.66679931,0.02705457,0.10731038,00
0.58685303,0.64163321,0.01540424,0.06393708,00

