0.39352915,0.44877356,0.01327476,0.04260711,09
0.71222037,0.56245202,0.01374853,0.03836796,09
0.48218116,0.41365463,0.01346428,0.03860585,09
0.19448653,0.60844833,0.10497346,0.09815998,07
0.35535765,0.80231094,0.37840402,0.38585946,02
0.89277279,0.92327034,0.20998453,0.15849668,02
0.11353604,0.59807342,0.05899909,0.06895435,02
0.71551812,0.70145577,0.03816267,0.17037317,00
0.68567789,0.65499753,0.01947317,0.09996150,00
0.61864495,0.64981180,0.01941092,0.08967796,00
0.93892157,0.70652485,0.04022449,0.20301686,00
0.80906117,0.66584963,0.02636852,0.10518744,00
0.58668149,0.64191806,0.01501931,0.06611424,00

