0.39333028,0.44876936,0.01338913,0.04268982,09
0.71277070,0.56247705,0.01315224,0.03883605,09
0.48230141,0.41363958,0.01351303,0.03860858,09
0.19575606,0.60875785,0.09980725,0.09711488,07
0.35535687,0.80278528,0.37839183,0.38539702,02
0.89411753,0.92251033,0.20622954,0.16670896,02
0.11416660,0.60049427,0.05690407,0.06402336,02
0.06261469,0.60009468,0.04008478,0.06812747,02
0.20328495,0.61110044,0.09935207,0.10149772,02
0.13145511,0.59695518,0.04075953,0.06845588,02
0.03633669,0.59977311,0.03281496,0.06300512,02
0.71174401,0.70199841,0.04011801,0.16541304,00
0.68543088,0.65430355,0.01949519,0.10387103,00
0.61845124,0.64917278,0.01876619,0.09018166,00
0.93661821,0.70740616,0.04417323,0.20858029,00
0.80900562,0.66341585,0.02653432,0.10061163,00
0.74489081,0.66387820,0.01740376,0.08543953,00
0.58669728,0.64216655,0.01577551,0.06536470,00

