0.39360613,0.44897512,0.01352426,0.04254219,09
0.71266568,0.56333542,0.01287892,0.03850482,09
0.48242149,0.41367579,0.01350037,0.03847490,09
0.35444045,0.80277103,0.38006142,0.38982472,02
0.20317142,0.61154079,0.09904316,0.09928796,02
0.11439439,0.59862649,0.05995751,0.07077008,02
0.89364350,0.91932046,0.20389143,0.16988273,02
0.71161419,0.69482225,0.03958763,0.17732292,00
0.61835903,0.64951557,0.01870392,0.09115202,00
0.93384659,0.70482755,0.04703726,0.21614078,00
0.68730038,0.65825450,0.01885347,0.10684991,00
0.80809909,0.66195077,0.02708228,0.09907276,00
0.74397480,0.66253632,0.01719153,0.08386981,00

