0.39363474,0.44881761,0.01319382,0.04252676,09
0.71277732,0.56275868,0.01279947,0.03757092,09
0.48241311,0.41369134,0.01350419,0.03819137,09
0.19489889,0.60813826,0.09857994,0.09568134,07
0.35472217,0.80182064,0.37506312,0.38972595,02
0.11584991,0.59844315,0.05626410,0.06883375,02
0.89334297,0.92053586,0.20676936,0.16539003,02
0.20251670,0.60802197,0.09772469,0.09930857,02
0.98245651,0.66734666,0.03451297,0.06990881,02
0.06066407,0.59884250,0.04996263,0.07377575,02
0.61846411,0.65128791,0.01783002,0.08448695,00
0.70574653,0.69200134,0.04475586,0.18327676,00
0.93036783,0.70949453,0.04186574,0.20426977,00
0.80762357,0.66237390,0.02663322,0.09900686,00
0.74082232,0.66208243,0.01763926,0.08686111,00

