0.71278930,0.56348628,0.01236095,0.03797529,09
0.39345306,0.44876674,0.01324697,0.04264839,09
0.48230013,0.41368628,0.01351601,0.03830321,09
0.19314313,0.60795593,0.09666899,0.09186827,07
0.35552675,0.80200100,0.37628564,0.38574910,02
0.89368898,0.91819578,0.20428175,0.17066707,02
0.13209486,0.59675783,0.04090381,0.06839072,02
0.98201293,0.66818416,0.03603999,0.07497992,02
0.20289688,0.60580236,0.09729035,0.09524679,02
0.70367688,0.69162911,0.04796130,0.18180598,00
0.61821878,0.65168643,0.01777249,0.08409483,00
0.88208640,0.70506495,0.03818149,0.20007601,00
0.92087877,0.70799732,0.03738904,0.19392838,00
0.80867356,0.66078395,0.02766036,0.08777347,00
0.74129015,0.66246915,0.01844100,0.08671004,00
0.58812457,0.64297646,0.01383652,0.06089705,00

