0.91895849,0.60269970,0.07689384,0.05122518,25
0.71263659,0.56360942,0.01239515,0.03698738,09
0.39319807,0.44845858,0.01311972,0.04272044,09
0.48219067,0.41369542,0.01329036,0.03784440,09
0.19253191,0.60947061,0.09865297,0.09111423,07
0.35582715,0.80133516,0.37547317,0.38791686,02
0.13049302,0.59632653,0.04584580,0.06593902,02
0.70381236,0.68981826,0.04514306,0.18331401,00
0.61827457,0.65009862,0.01733405,0.08489577,00
0.88025272,0.70632154,0.04376461,0.20235674,00
0.80646116,0.66191292,0.02661582,0.09931924,00
0.74140882,0.66176093,0.02012889,0.08541435,00
0.92031813,0.70734531,0.04147596,0.18138020,00
0.58721691,0.64291340,0.01363756,0.05845597,00

