0.91882151,0.60313356,0.07720977,0.04766304,25
0.39311379,0.44832048,0.01281689,0.04207574,09
0.71280658,0.56362349,0.01277810,0.03870924,09
0.48253393,0.41361108,0.01327903,0.03805683,09
0.19250509,0.60688686,0.09437541,0.09409101,07
0.35611719,0.80371958,0.37733003,0.38295123,02
0.13104978,0.59633625,0.04660298,0.07099503,02
0.11462736,0.59892738,0.04496942,0.06390995,02
0.89466238,0.91868132,0.20194247,0.18143812,02
0.06164846,0.60315025,0.04503040,0.07173137,02
0.69521290,0.69248015,0.04865658,0.16826744,00
0.61856270,0.65057838,0.01839904,0.08605754,00
0.74073243,0.66168243,0.02122270,0.08596162,00
0.80616856,0.66480905,0.02585221,0.10521864,00
0.88092554,0.70832855,0.04264580,0.20117036,00
0.58729541,0.64329916,0.01414970,0.06045748,00

