0.91872513,0.60379636,0.07863145,0.04600667,25
0.39321223,0.44834569,0.01297923,0.04143278,09
0.71327204,0.56304622,0.01248410,0.03590191,09
0.48237628,0.41360828,0.01344826,0.03788920,09
0.19163200,0.60625762,0.09364769,0.09423490,07
0.35576749,0.80707008,0.37324288,0.38617888,02
0.12944841,0.59647518,0.04888736,0.06831538,02
0.98065579,0.66611791,0.03579339,0.06637730,02
0.69531351,0.69584680,0.05082604,0.17764860,00
0.74037886,0.66093856,0.02172462,0.08538235,00
0.61817765,0.65310347,0.01853368,0.08725635,00
0.87174481,0.69630563,0.04086247,0.16463454,00
0.80636179,0.66563565,0.02698770,0.10065293,00

