0.71231097,0.56466120,0.01307965,0.03525369,09
0.39362419,0.44842559,0.01203774,0.04087401,09
0.48118052,0.40820074,0.01317151,0.03559501,09
0.19206281,0.60655415,0.09420441,0.09623568,07
0.35540637,0.80455863,0.37337443,0.38568461,02
0.11792512,0.59951311,0.05213553,0.06720123,02
0.89439601,0.92461294,0.20341696,0.16771302,02
0.01729183,0.60331351,0.02275212,0.05259898,02
0.69335943,0.69683921,0.04607135,0.17254841,00
0.61726880,0.64913100,0.01859551,0.08577453,00
0.74062890,0.66288263,0.02163270,0.08830446,00
0.87120521,0.69842601,0.04245147,0.16811921,00
0.59102422,0.64432627,0.01358447,0.05947899,00
0.80805099,0.66196513,0.02875680,0.08995612,00

