0.71279460,0.56541514,0.01272393,0.03941572,09
0.39346224,0.44828355,0.01175590,0.04120042,09
0.48119584,0.40820456,0.01318745,0.03576479,09
0.19367056,0.60527498,0.09054621,0.09681267,07
0.35471746,0.80307740,0.37114936,0.38136357,02
0.13099298,0.59764087,0.05027658,0.07059975,02
0.08551336,0.60244370,0.04080840,0.06443009,02
0.89451635,0.92489934,0.19836427,0.16477358,02
0.98212641,0.66732681,0.03427422,0.06955574,02
0.03470795,0.60369319,0.04701110,0.05704032,02
0.68458742,0.69542873,0.03345884,0.17158473,00
0.87063503,0.70257384,0.04539703,0.19358000,00
0.61519152,0.65319979,0.01782761,0.08306295,00
0.74042362,0.66236079,0.01958785,0.08737485,00
0.79703420,0.66264385,0.01692607,0.09416301,00
0.80730647,0.65882170,0.02528435,0.08883119,00
0.71149462,0.66138542,0.02107441,0.10901090,00

