0.39357889,0.44840568,0.01155376,0.04003817,09
0.71266019,0.56400520,0.01359659,0.03611280,09
0.48121423,0.40818211,0.01303364,0.03550705,09
0.19116026,0.60520798,0.09028743,0.09500735,07
0.35469422,0.80429417,0.37239632,0.38022071,02
0.13032272,0.59660852,0.05032576,0.07064942,02
0.89509928,0.92620927,0.19855222,0.16757187,02
0.03477808,0.60334092,0.04558426,0.05815329,02
0.68351948,0.69338584,0.03599970,0.16505869,00
0.86946356,0.70534700,0.04736723,0.20104732,00
0.74131489,0.66350931,0.02040390,0.08507483,00
0.61662471,0.65053552,0.01672193,0.08071377,00
0.71067214,0.66048694,0.02078578,0.10281945,00
0.79564881,0.66444081,0.01790971,0.09389401,00

