0.71282971,0.56428921,0.01297152,0.03736050,09
0.48276225,0.41414118,0.01395809,0.04112167,09
0.39344862,0.44861779,0.01194402,0.04117871,09
0.19010420,0.60421556,0.08479834,0.10096155,07
0.35452443,0.80674815,0.37079075,0.37662041,02
0.13041653,0.59676862,0.04993545,0.07264165,02
0.98126280,0.66797155,0.03651271,0.07699362,02
0.89452684,0.92557293,0.19887608,0.16438818,02
0.68261212,0.69174039,0.03890766,0.16310893,00
0.74043643,0.66304022,0.02058301,0.08647382,00
0.86826640,0.69862235,0.04482266,0.19064224,00
0.61661410,0.65214723,0.01709672,0.07911590,00
0.70999134,0.65966588,0.02031919,0.10304472,00

