0.71240580,0.56337845,0.01283553,0.03691711,09
0.39358819,0.44853184,0.01163748,0.04032828,09
0.48134989,0.40818617,0.01306217,0.03540775,09
0.18906102,0.60181040,0.08058118,0.09879120,07
0.35504761,0.80748397,0.37301323,0.37248656,02
0.13177101,0.59626204,0.05072620,0.07673293,02
0.89521092,0.92181909,0.19659890,0.17128931,02
0.03656308,0.60237980,0.04893465,0.05637296,02
0.67948973,0.69287753,0.03652107,0.16407713,00
0.86627388,0.69998151,0.04330341,0.18989661,00
0.61709398,0.65180469,0.01750335,0.08277184,00
0.74166465,0.66419834,0.02078231,0.08607195,00
0.71055424,0.65983570,0.02015586,0.10562216,00

