0.71290523,0.56245983,0.01302405,0.03579239,09
0.39359191,0.44830167,0.01202402,0.04102449,09
0.48138911,0.40816882,0.01317146,0.03557153,09
0.18809724,0.60057735,0.07792883,0.10105326,07
0.35379028,0.80860728,0.37935412,0.36763206,02
0.13542545,0.59675378,0.04386635,0.07212099,02
0.03544196,0.60384440,0.05608375,0.05644164,02
0.89561576,0.92486793,0.20016494,0.17078842,02
0.67876440,0.69216460,0.03367552,0.16756026,00
0.71034473,0.65891719,0.01972448,0.10885110,00
0.61736095,0.65388566,0.01841500,0.08430274,00
0.74142474,0.66438502,0.01950563,0.08618923,00
0.79401612,0.66455847,0.01936304,0.09261301,00
0.86626709,0.69536918,0.04189878,0.17103355,00
0.21837683,0.69725478,0.06006141,0.17847957,00

