0.83705157,0.59469628,0.06838448,0.04047275,25
0.71360612,0.56261504,0.01417369,0.03511661,09
0.39352930,0.44860762,0.01193525,0.04148391,09
0.48110208,0.40824038,0.01309906,0.03600552,09
0.18918924,0.60157400,0.07753765,0.10255411,07
0.35470214,0.80887824,0.38267970,0.36638537,02
0.13295542,0.59698886,0.04740030,0.07370947,02
0.89466894,0.92608994,0.20115006,0.16926271,02
0.66892856,0.69054610,0.03424672,0.16660635,00
0.61778647,0.65403676,0.01874832,0.08403493,00
0.21643817,0.69867557,0.05445732,0.18580779,00
0.70940590,0.66051191,0.02161932,0.10637815,00
0.85976040,0.69935715,0.03919372,0.16612568,00
0.74028885,0.66495299,0.01947596,0.08497149,00
0.08425502,0.60446382,0.02294771,0.06567899,00

