0.71338570,0.56374949,0.01343041,0.03595449,09
0.48262531,0.41405007,0.01414380,0.04166330,09
0.39361966,0.44832271,0.01191135,0.04090597,09
0.19066629,0.59857053,0.08077204,0.10164551,07
0.35501364,0.80428332,0.37784895,0.37478569,02
0.13418221,0.59793544,0.04287914,0.06948411,02
0.89334124,0.92685550,0.20752934,0.16406949,02
0.98178041,0.66626000,0.03443080,0.06733763,02
0.66531199,0.68439764,0.03278667,0.16488950,00
0.21395326,0.69474113,0.05312884,0.19838785,00
0.61757058,0.64996916,0.01789243,0.08738536,00
0.70944321,0.66189200,0.02432335,0.10771085,00
0.74101549,0.66451228,0.01985724,0.08626401,00
0.85749722,0.70130634,0.03894357,0.16373222,00
0.08617652,0.60284245,0.02340961,0.06462038,00

