0.83847904,0.59445876,0.07025593,0.04228905,25
0.71308577,0.56331414,0.01375664,0.03487884,09
0.39359742,0.44824144,0.01202714,0.04146495,09
0.48239955,0.41406220,0.01400309,0.04172465,09
0.19071886,0.59838206,0.08273018,0.09816816,07
0.35541603,0.80644196,0.37510976,0.37516364,02
0.13384303,0.59824163,0.04338130,0.07075653,02
0.89461851,0.92362392,0.20705019,0.17044629,02
0.98156768,0.66679120,0.03532570,0.06926294,02
0.03600600,0.60217744,0.04014861,0.05955344,02
0.66481435,0.68800753,0.03990141,0.16332841,00
0.70776188,0.66054934,0.02781372,0.10892674,00
0.21234417,0.69113690,0.05071907,0.19515081,00
0.61870384,0.64619148,0.01863484,0.09110158,00
0.74250686,0.66350234,0.02180238,0.08512052,00
0.79256195,0.66433752,0.02070963,0.09057155,00
0.84622610,0.69853050,0.03569485,0.15807192,00
0.88539010,0.69937003,0.03255349,0.15516797,00

