0.83734715,0.59474754,0.06892187,0.04138038,25
0.91835594,0.60227495,0.07593855,0.04960201,25
0.71267986,0.56338751,0.01419962,0.03639857,09
0.39352703,0.44814250,0.01211918,0.04117579,09
0.48243767,0.41414183,0.01406879,0.04224295,09
0.35580117,0.80831069,0.37695971,0.37199089,02
0.13393493,0.59813005,0.04150516,0.06634840,02
0.89427584,0.92534047,0.20680942,0.16566184,02
0.66145414,0.68916041,0.04106540,0.16260453,00
0.20925036,0.68841976,0.04948200,0.19893728,00
0.70997506,0.66088450,0.02636696,0.10163242,00
0.61827290,0.65004843,0.01740158,0.08822169,00
0.74136358,0.66359246,0.02033404,0.08542971,00
0.84556663,0.69894606,0.03895528,0.16437836,00
0.88297284,0.70182550,0.03622285,0.15856896,00
0.79183567,0.66276926,0.01974778,0.08404261,00

