0.83696395,0.59371644,0.06645112,0.04028437,25
0.71206671,0.56367403,0.01371682,0.03614040,09
0.39364412,0.44809237,0.01191788,0.04095209,09
0.48236585,0.41412744,0.01405717,0.04222138,09
0.35455781,0.80784506,0.37833792,0.37378109,02
0.13443276,0.59873843,0.04177526,0.06772773,02
0.89403421,0.92664742,0.20682232,0.16445906,02
0.20972064,0.59989572,0.10352488,0.09382408,02
0.66046560,0.69253099,0.04385568,0.15187848,00
0.20724496,0.68850428,0.05138370,0.19477856,00
0.71065432,0.66195315,0.02421722,0.10328186,00
0.61744750,0.64805371,0.01681731,0.08726253,00
0.74049032,0.66431791,0.01945104,0.08779389,00
0.84333915,0.69438225,0.03830257,0.16663507,00
0.05905721,0.60216814,0.02157146,0.07199659,00
0.86308110,0.69650209,0.03758786,0.17828257,00
0.79128313,0.66363788,0.02022019,0.09221067,00

