0.83720225,0.59356320,0.06519148,0.04019996,25
0.71254677,0.56126422,0.01461402,0.03415322,09
0.39359367,0.44801930,0.01201434,0.04049008,09
0.48236275,0.41407928,0.01407589,0.04210306,09
0.35447258,0.81026238,0.37830868,0.37504128,02
0.13618799,0.60083294,0.03787802,0.06510510,02
0.89402056,0.92487377,0.20464402,0.16442987,02
0.65766752,0.69041371,0.04831269,0.15608917,00
0.20778069,0.66816574,0.05057436,0.20258377,00
0.83825243,0.69740075,0.04034055,0.16702873,00
0.71106082,0.66254061,0.02507032,0.10344544,00
0.73934102,0.66436225,0.01971152,0.08193292,00
0.86827648,0.69888031,0.03760195,0.16797674,00
0.61765850,0.64741522,0.01720165,0.08882060,00
0.79131126,0.66741836,0.02154938,0.08900169,00
0.68918091,0.66038841,0.01874171,0.08310085,00

