0.83689964,0.59362733,0.06755930,0.03967502,25
0.91811067,0.60310662,0.07277162,0.04560872,25
0.71247506,0.56307441,0.01401699,0.03591161,09
0.39362225,0.44812042,0.01200756,0.04081561,09
0.48236889,0.41404262,0.01411480,0.04226477,09
0.35402000,0.80678540,0.37620628,0.37573493,02
0.98155326,0.66739249,0.03474700,0.07184944,02
0.89436978,0.92383069,0.20458044,0.16853373,02
0.65513456,0.69003671,0.05034969,0.15918197,00
0.20402923,0.69175667,0.05213566,0.16873318,00
0.71023482,0.65979445,0.02502258,0.10830378,00
0.83500135,0.69801921,0.03960232,0.17174289,00
0.73955768,0.66347939,0.01882571,0.08843510,00
0.86717397,0.69729710,0.03739425,0.16121741,00
0.61771494,0.64836562,0.01598400,0.07828023,00
0.68842208,0.65772337,0.01812002,0.08247918,00

