0.83653241,0.59349006,0.06536535,0.04080281,25
0.91821873,0.60167003,0.07416579,0.04484323,25
0.71278328,0.56208289,0.01403706,0.03530112,09
0.39354247,0.44757462,0.01241392,0.04096925,09
0.48135337,0.40824637,0.01336019,0.03635999,09
0.35427934,0.80792522,0.37722138,0.36528549,02
0.98161232,0.66611171,0.03359049,0.06541371,02
0.65386772,0.68737113,0.04573052,0.15324810,00
0.19508259,0.69760281,0.05092228,0.17015997,00
0.74037468,0.66436851,0.01986818,0.08928671,00
0.83346337,0.70343679,0.04681332,0.17609148,00
0.71036232,0.66100001,0.02780825,0.10575752,00
0.61572301,0.64711529,0.01633883,0.07875057,00
0.86332309,0.69963956,0.03624841,0.17565824,00

