0.83693963,0.59319043,0.07310843,0.04243616,25
0.91833198,0.60046875,0.07645260,0.04644885,25
0.71293432,0.56317109,0.01389808,0.03569290,09
0.48227033,0.41384351,0.01387935,0.04090707,09
0.39324611,0.44769377,0.01227689,0.04064586,09
0.35432023,0.80874985,0.37656876,0.36319461,02
0.89518678,0.92165631,0.20577367,0.17473091,02
0.13614133,0.59962815,0.03964596,0.06810775,02
0.65360552,0.69109571,0.04534191,0.16046913,00
0.19192062,0.69639111,0.04925882,0.16335380,00
0.83001357,0.70178396,0.04873589,0.17101352,00
0.70922834,0.65169561,0.03803001,0.14033109,00
0.73931253,0.66337174,0.01927198,0.08632900,00
0.86431158,0.69800180,0.03729156,0.16507384,00
0.61704409,0.64837015,0.01508874,0.08102801,00

