0.83650571,0.59421122,0.06903632,0.04170336,25
0.39358991,0.44754356,0.01290158,0.04126153,09
0.48220477,0.41372511,0.01376669,0.04023289,09
0.71268564,0.56226093,0.01474516,0.03668040,09
0.20513526,0.60828531,0.09878513,0.09324326,07
0.35559550,0.80444431,0.37909266,0.36353472,02
0.89485180,0.92597485,0.20314421,0.16329013,02
0.64357817,0.68788713,0.04354545,0.16364214,00
0.18848144,0.69276029,0.05050691,0.17383699,00
0.81944501,0.70717037,0.04868783,0.16914825,00
0.86050254,0.69891632,0.03584780,0.15856627,00
0.71059173,0.66219068,0.02879129,0.11387217,00
0.61642694,0.64940894,0.01459171,0.07721172,00
0.73954093,0.66414684,0.01970508,0.08462688,00

