0.83704978,0.59375823,0.07334883,0.04208359,25
0.39297953,0.44776571,0.01219668,0.04096785,09
0.48118305,0.40815103,0.01288704,0.03381903,09
0.71230155,0.56146365,0.01411539,0.03606560,09
0.20719874,0.60856205,0.10090145,0.09661382,07
0.35570318,0.80745578,0.37725362,0.37450427,02
0.98188639,0.66549897,0.03335631,0.06597729,02
0.18461475,0.68688053,0.05548453,0.19848244,00
0.64131689,0.68622237,0.04606386,0.16748229,00
0.81851661,0.70904142,0.05099530,0.17370009,00
0.70718038,0.66262567,0.02688506,0.12042607,00
0.74008238,0.66687483,0.02046773,0.09073663,00
0.61569190,0.64871055,0.01579586,0.07808954,00
0.06138910,0.60185462,0.02516390,0.07169084,00

