0.83651388,0.59372056,0.07163747,0.04406041,25
0.71211088,0.56321335,0.01426138,0.03773572,09
0.48105589,0.40812948,0.01290262,0.03415598,09
0.39300185,0.44774798,0.01224930,0.04168220,09
0.35559720,0.80964690,0.37898472,0.36881739,02
0.98217076,0.66714787,0.03243770,0.06687596,02
0.89469177,0.91712672,0.20267479,0.17188331,02
0.18138508,0.68728286,0.06107596,0.20243679,00
0.63872254,0.69021803,0.04211823,0.16421641,00
0.81591308,0.70952636,0.04394034,0.17356579,00
0.70751965,0.66268760,0.02723744,0.11690801,00
0.61527419,0.64859051,0.01425350,0.07505498,00
0.74020243,0.66701585,0.02020145,0.08688018,00
0.83890676,0.70121354,0.03442837,0.17216639,00
0.06062102,0.60164231,0.02300850,0.07105917,00
0.85632962,0.70068824,0.03258754,0.16664591,00

