0.83621806,0.59489900,0.06737521,0.04171425,25
0.39304063,0.44790930,0.01253191,0.04216485,09
0.48099256,0.40812090,0.01283243,0.03438919,09
0.71225631,0.56252396,0.01402354,0.03640076,09
0.35613713,0.80973709,0.38008404,0.36913213,02
0.89541179,0.92075884,0.20021242,0.16908488,02
0.63702881,0.68989265,0.03936660,0.16147317,00
0.81420738,0.70949328,0.04145647,0.16950920,00
0.17982900,0.68708593,0.06425030,0.21350540,00
0.70830530,0.66615468,0.02773196,0.11971695,00
0.84025174,0.69944233,0.03056933,0.16592592,00
0.73974991,0.66885090,0.02182971,0.09337933,00

