0.83741999,0.59375453,0.07592177,0.04322622,25
0.39299154,0.44820213,0.01258045,0.04288146,09
0.48101839,0.40808758,0.01289923,0.03422989,09
0.71175987,0.56279558,0.01322700,0.03598611,09
0.21407835,0.61248672,0.09187360,0.10879266,07
0.35556167,0.81179684,0.37496960,0.36672235,02
0.98118955,0.66767818,0.03386609,0.06591868,02
0.89482939,0.91975892,0.20111084,0.17639257,02
0.63263673,0.68687075,0.03693517,0.16678979,00
0.81357431,0.70650083,0.04085600,0.18092760,00
0.17451610,0.67059433,0.08435693,0.26000348,00
0.70842302,0.66365272,0.02504458,0.12007391,00
0.83909339,0.69669944,0.03458681,0.17500345,00
0.73836577,0.66655308,0.01949183,0.09221645,00

