0.83670795,0.59328884,0.07669726,0.04355312,25
0.39272442,0.44807705,0.01230186,0.04146823,09
0.48099107,0.40809965,0.01279764,0.03416444,09
0.71203673,0.56256235,0.01345297,0.03495997,09
0.21586449,0.61102301,0.08872177,0.10872454,07
0.35549119,0.80794126,0.37631038,0.37193760,02
0.89490479,0.92114490,0.20048730,0.17285028,02
0.81027812,0.70538718,0.03760851,0.18594982,00
0.63103133,0.68857801,0.03476179,0.16371562,00
0.17078318,0.67151332,0.08363960,0.26844943,00
0.84044886,0.69887692,0.03475363,0.17619635,00
0.70936114,0.66356885,0.02553337,0.11784916,00
0.73924172,0.66606635,0.01985946,0.09033208,00
0.16824111,0.66620421,0.05494206,0.17611957,00

