0.83641088,0.59328437,0.07771361,0.04202643,25
0.48121175,0.40808344,0.01295029,0.03416412,09
0.39277601,0.44797221,0.01203225,0.04245692,09
0.71221387,0.56295222,0.01343810,0.03405757,09
0.35541946,0.80908841,0.37235013,0.37180862,02
0.89427102,0.91777021,0.20428282,0.17701504,02
0.98082894,0.66721344,0.03528634,0.07291340,02
0.13523798,0.59997422,0.03979100,0.07015188,02
0.03269255,0.60512102,0.05040329,0.05180679,02
0.62859726,0.68601990,0.03638206,0.18432491,00
0.80965978,0.70264363,0.03914933,0.18701740,00
0.83769953,0.69747448,0.03895405,0.17545101,00
0.16942438,0.67173135,0.08275694,0.27427679,00
0.71029049,0.66095102,0.02630797,0.11433118,00
0.73992348,0.66515714,0.02007378,0.08919350,00
0.16711771,0.66614056,0.05474149,0.18363924,00

