0.83555412,0.59400183,0.07762729,0.04405895,25
0.48112583,0.40807772,0.01304576,0.03475903,09
0.39281291,0.44806406,0.01235116,0.04174868,09
0.71187603,0.56293738,0.01325774,0.03488612,09
0.35506588,0.81158924,0.37562230,0.37051547,02
0.89542723,0.91913342,0.20042056,0.17726648,02
0.80850208,0.70537102,0.04014254,0.19412571,00
0.16793737,0.67132598,0.08564849,0.26191127,00
0.61731082,0.68697566,0.03570948,0.16738446,00
0.83789903,0.69806731,0.03919155,0.17918409,00
0.70874745,0.66241372,0.02321881,0.11802466,00
0.73923266,0.66880155,0.02010477,0.09507757,00

