0.83582175,0.59432596,0.07263568,0.04228703,25
0.48101988,0.40813294,0.01287177,0.03425808,09
0.39285216,0.44786733,0.01263688,0.04271885,09
0.71224719,0.56339771,0.01318524,0.03595298,09
0.35368806,0.81402403,0.37465593,0.37053239,02
0.89443606,0.92151487,0.20272130,0.17494494,02
0.61684263,0.68343478,0.04100037,0.17095776,00
0.16641477,0.67005098,0.08081217,0.26805580,00
0.80653763,0.70227307,0.03686075,0.19238816,00
0.83422327,0.69719309,0.03717196,0.18614121,00
0.71009409,0.66140151,0.02249166,0.11428047,00
0.73949313,0.66771144,0.02113858,0.09848767,00

