0.83595532,0.59542543,0.07746550,0.04079765,25
0.39285386,0.44818944,0.01256244,0.04263408,09
0.48118728,0.40810773,0.01291001,0.03421817,09
0.71229011,0.56262761,0.01340602,0.03550487,09
0.35448560,0.81193030,0.37827399,0.37183917,02
0.98139173,0.66745102,0.03390788,0.06782908,02
0.61363751,0.68519443,0.04156163,0.16871667,00
0.16264001,0.68437850,0.06342007,0.20461337,00
0.79505277,0.70484728,0.03863372,0.19436614,00
0.71101439,0.66236389,0.02497809,0.11324830,00
0.73908556,0.66630363,0.02034787,0.09821880,00
0.83096772,0.69307762,0.03378201,0.16891374,00

