0.13725252,0.69412428,0.02431170,0.04917528,26
0.83638793,0.59478015,0.07435688,0.03964142,25
0.39270550,0.44847217,0.01236879,0.04210753,09
0.48104721,0.40811679,0.01275217,0.03407111,09
0.71207255,0.56315100,0.01281977,0.03493365,09
0.35456866,0.80808008,0.37947369,0.37754893,02
0.89481860,0.91778874,0.20332797,0.18752426,02
0.98122942,0.66793686,0.03418051,0.07005915,02
0.61039674,0.68637002,0.04240517,0.16425169,00
0.15656330,0.67138553,0.04960366,0.22329381,00
0.79344845,0.70400870,0.03600680,0.19087185,00
0.73977697,0.66781032,0.02058554,0.10175903,00
0.71113968,0.66308397,0.02251587,0.11516201,00
0.83011615,0.69129741,0.03066862,0.16057791,00

