0.13653222,0.69450039,0.02585121,0.04620917,26
0.83541793,0.59492958,0.07373708,0.03944953,25
0.39278328,0.44847664,0.01249880,0.04238937,09
0.48110518,0.40809709,0.01270860,0.03374067,09
0.71257526,0.56299621,0.01327148,0.03555366,09
0.35422450,0.81201375,0.37557989,0.37959161,02
0.98144102,0.66763306,0.03361763,0.06683115,02
0.89364469,0.92270130,0.20186375,0.17809935,02
0.60950315,0.68446827,0.04518884,0.16890228,00
0.78650033,0.70560402,0.03433496,0.19476461,00
0.15548375,0.68425119,0.05521144,0.21161310,00
0.71274483,0.66318989,0.02390850,0.11140265,00
0.73890823,0.66761863,0.02124981,0.10027821,00
0.81392300,0.69410980,0.02991027,0.17091575,00
0.82820702,0.68956858,0.03200534,0.15639290,00

