0.13366890,0.69248146,0.02547238,0.04495315,26
0.83567077,0.59558952,0.07322755,0.03964163,25
0.48116952,0.40805909,0.01263992,0.03423134,09
0.39255923,0.44873616,0.01240019,0.04121130,09
0.71257693,0.56439400,0.01338031,0.03798847,09
0.35375148,0.80592710,0.37703130,0.38581663,02
0.03326988,0.60598361,0.05483992,0.05328653,02
0.98163766,0.66743547,0.03431814,0.06658770,02
0.60749036,0.68357271,0.04752427,0.17496391,00
0.78815055,0.71034473,0.03924002,0.19865778,00
0.15345374,0.66900104,0.04911658,0.22389480,00
0.71022815,0.66219044,0.02132019,0.11374982,00
0.73762792,0.66796416,0.02202952,0.10406209,00
0.81576985,0.69568634,0.02989112,0.17227119,00
0.82816774,0.69410282,0.03087026,0.15760252,00
0.51518136,0.64160544,0.01250967,0.05454840,00

