0.83502281,0.59539503,0.07842890,0.04153172,25
0.48117441,0.40801403,0.01260171,0.03414575,09
0.39295834,0.44867200,0.01184304,0.04149100,09
0.71209806,0.56461078,0.01291948,0.03771105,09
0.35391814,0.80637288,0.37691522,0.38921899,02
0.03293465,0.60600734,0.05661336,0.05278365,02
0.89394301,0.92521340,0.20321552,0.17443404,02
0.28545025,0.61147022,0.03877335,0.03731726,02
0.60556740,0.68248653,0.04737256,0.17649189,00
0.78729403,0.70687616,0.04243617,0.20416354,00
0.15271117,0.66837329,0.04532215,0.21433510,00
0.81444407,0.70033109,0.03585737,0.19060586,00
0.70917743,0.66128039,0.01984586,0.11918367,00
0.73711610,0.67044610,0.02236193,0.10669627,00

