0.71296060,0.56223738,0.01351369,0.03745788,09
0.48088163,0.40806997,0.01245969,0.03459485,09
0.39285088,0.44837201,0.01268785,0.04033966,09
0.35362378,0.80840147,0.38022232,0.37485531,02
0.89491546,0.92468727,0.20242622,0.17327385,02
0.03389522,0.60598928,0.05848017,0.05277643,02
0.60334766,0.68387294,0.05174712,0.16667411,00
0.14240643,0.66466272,0.05242450,0.20266017,00
0.80945492,0.70093185,0.03621447,0.19287331,00
0.78821295,0.70779955,0.04923823,0.19620307,00
0.73793125,0.66878074,0.02293114,0.10297658,00
0.71021694,0.66012836,0.02125804,0.11655228,00

