0.48097339,0.40812048,0.01311752,0.03502158,09
0.71249294,0.56424439,0.01305136,0.03789417,09
0.39260873,0.44846869,0.01177990,0.04089161,09
0.35341391,0.80637056,0.37862158,0.37975827,02
0.03430638,0.60602933,0.05533747,0.05195021,02
0.98081923,0.66720289,0.03546691,0.06860992,02
0.89493716,0.92637402,0.19896598,0.17514569,02
0.88497847,0.66778356,0.11711548,0.09366180,02
0.13959956,0.66618621,0.05556986,0.19147411,00
0.59357184,0.68407309,0.04184927,0.16639036,00
0.80752069,0.69997388,0.03323058,0.18966429,00
0.78781563,0.70656353,0.04751293,0.19793184,00
0.73624343,0.67076707,0.02314869,0.10978501,00
0.71115291,0.65936750,0.01938679,0.10723788,00

