0.48100734,0.40812764,0.01313803,0.03504954,09
0.39288667,0.44829035,0.01189989,0.04132459,09
0.35452822,0.80338800,0.38183391,0.38198206,02
0.03334624,0.60633069,0.06282506,0.05442899,02
0.98171043,0.66640174,0.03364094,0.06830136,02
0.13612811,0.66712648,0.05905758,0.19807462,00
0.59185463,0.68473893,0.04226615,0.16548496,00
0.78667825,0.71029460,0.05091559,0.19972783,00
0.73629576,0.67069912,0.02348465,0.10546663,00
0.71182406,0.65811026,0.01946434,0.10521671,00
0.51278347,0.64259589,0.01196239,0.05201759,00
0.08117111,0.60256547,0.02800955,0.07657852,00

