0.39350155,0.44934922,0.01215969,0.04094614,09
0.48099551,0.40820721,0.01249012,0.03364475,09
0.35464627,0.80761087,0.38688228,0.37435952,02
0.03566199,0.60467106,0.06165316,0.05180598,02
0.88694608,0.66644591,0.12467064,0.09210215,02
0.98154318,0.66675717,0.03395702,0.06645600,02
0.58875227,0.68459982,0.04230343,0.16041997,00
0.13444354,0.67012209,0.06055613,0.20558965,00
0.76813859,0.70460767,0.04014665,0.19152641,00
0.78682733,0.70553184,0.04562520,0.19586411,00
0.71048665,0.65844405,0.01883551,0.10568111,00
0.73659998,0.66765112,0.01972979,0.10176446,00
0.61687911,0.65471548,0.01835340,0.08566092,00
0.24232677,0.64620942,0.04433587,0.14618789,00
0.80556232,0.69547397,0.03029806,0.17734483,00

