0.39335448,0.44928440,0.01257403,0.04164800,09
0.48192376,0.41435257,0.01311390,0.04024606,09
0.35440415,0.80310559,0.38708627,0.37573037,02
0.88601351,0.66078675,0.12698880,0.10580791,02
0.03685244,0.60488731,0.05847992,0.05264619,02
0.89463556,0.92903346,0.19943343,0.16169082,02
0.58610320,0.68461043,0.04192120,0.16241376,00
0.13230936,0.67042446,0.06241681,0.21237883,00
0.76464903,0.70501888,0.03334384,0.19413733,00
0.78880948,0.70065022,0.03784864,0.19024783,00
0.71186882,0.66037971,0.01919212,0.10436302,00
0.61571229,0.65376049,0.01924372,0.08616541,00
0.73706102,0.66882634,0.01967986,0.10181602,00
0.80582654,0.69611645,0.03157369,0.18603531,00

