0.39340782,0.44915751,0.01246366,0.04112807,09
0.48186025,0.41435343,0.01316011,0.04024545,09
0.35434702,0.80402982,0.38308090,0.37760690,02
0.88549006,0.65975302,0.12786192,0.10634036,02
0.03669656,0.60466415,0.05782890,0.05329474,02
0.58356637,0.68314570,0.04121445,0.16234103,00
0.12800097,0.68464631,0.06269884,0.21075878,00
0.76169515,0.70567518,0.03078089,0.19690953,00
0.79431617,0.69999945,0.03524376,0.19167459,00
0.71141064,0.66012132,0.01871972,0.10993179,00
0.73714060,0.66925555,0.02022162,0.10707180,00

