0.39351442,0.44912577,0.01243597,0.04126121,09
0.48180324,0.41442841,0.01317448,0.04040784,09
0.71272612,0.56212527,0.01322170,0.03421875,09
0.35456508,0.80170268,0.38102618,0.38092682,02
0.03702414,0.60540539,0.06514093,0.05309830,02
0.88418496,0.66030622,0.12882413,0.10880150,02
0.89476222,0.92992985,0.19916017,0.16392602,02
0.98126757,0.66673654,0.03529278,0.06616709,02
0.58233207,0.68283278,0.03829418,0.16856302,00
0.76112545,0.70642596,0.03241799,0.19002791,00
0.12739605,0.68402129,0.06091774,0.21349810,00
0.79231632,0.70541990,0.03983134,0.17930052,00
0.71146291,0.65971023,0.01920752,0.10994721,00
0.73673028,0.66720092,0.01963599,0.09902862,00

