0.39379114,0.44923201,0.01255045,0.04103637,09
0.48168078,0.41437733,0.01321036,0.03991489,09
0.35437465,0.80078453,0.38522795,0.37450811,02
0.03510817,0.60518628,0.06151571,0.05382296,02
0.88557738,0.66093516,0.13153945,0.10774798,02
0.89247751,0.95602357,0.18340853,0.09687056,02
0.12218075,0.67017913,0.08109556,0.26659745,00
0.75900948,0.70520419,0.03635273,0.18932334,00
0.78737819,0.69992137,0.04220181,0.17308718,00
0.57940352,0.68484682,0.03786397,0.16146536,00
0.71196920,0.66046596,0.01903552,0.11109502,00
0.61678439,0.64959151,0.01770311,0.08028099,00
0.73602843,0.66564631,0.01891805,0.10077216,00

