0.39368984,0.44890800,0.01237098,0.04064161,09
0.71278703,0.56409562,0.01238286,0.03611299,09
0.48164845,0.41443211,0.01310607,0.04017271,09
0.35417461,0.80315751,0.37959719,0.37809560,02
0.03745663,0.60517585,0.06587809,0.04961337,02
0.98109800,0.66934627,0.03755336,0.07782820,02
0.89437354,0.92469728,0.19905023,0.17189133,02
0.75640476,0.70576578,0.03401074,0.19649230,00
0.12193556,0.67138493,0.08444209,0.25919688,00
0.57184803,0.67184424,0.03731173,0.17677833,00
0.78406012,0.69627738,0.03377568,0.16176645,00
0.71087021,0.66038954,0.01843041,0.10720655,00
0.61698568,0.64796609,0.01851720,0.07999779,00
0.21585552,0.65123779,0.05624735,0.15368521,00

