0.39358181,0.44927520,0.01256760,0.04087278,09
0.48166528,0.41424423,0.01318157,0.04049074,09
0.71257007,0.56235272,0.01314837,0.03608675,09
0.35509542,0.80237579,0.38152876,0.38510004,02
0.03605196,0.60524476,0.06396350,0.05039700,02
0.89572132,0.92707920,0.19226629,0.16476244,02
0.88512278,0.66131574,0.13260809,0.10221496,02
0.98131573,0.66660464,0.03526320,0.06844971,02
0.57080448,0.66976756,0.04098367,0.18023182,00
0.12086707,0.67112952,0.08495227,0.26734513,00
0.75620282,0.70240408,0.03530028,0.19167499,00
0.78413463,0.69956309,0.03840625,0.17322183,00
0.71182173,0.66192788,0.01912601,0.11059117,00
0.61768305,0.64806515,0.01927934,0.07992174,00
0.21689732,0.65241134,0.04710876,0.15715066,00
0.89320278,0.70556104,0.02404966,0.12036815,00

