0.39353415,0.44932064,0.01239292,0.04083209,09
0.48182338,0.41417977,0.01315805,0.04083125,09
0.71247786,0.56238729,0.01262036,0.03718411,09
0.35430229,0.80073291,0.37743011,0.38061500,02
0.03699432,0.60382515,0.06479879,0.05202760,02
0.88502657,0.65830261,0.13443136,0.10437928,02
0.98093444,0.66747344,0.03626438,0.06795115,02
0.89427984,0.92604065,0.19772168,0.16780648,02
0.56754500,0.68645704,0.04153474,0.15617670,00
0.11870842,0.67042357,0.08488573,0.26972133,00
0.21908963,0.64925426,0.04727228,0.16946568,00
0.61865503,0.64904213,0.01889599,0.07894907,00
0.74708807,0.70630777,0.03194756,0.19657300,00
0.71163625,0.66055298,0.01848387,0.11017406,00
0.78177780,0.70231420,0.03837063,0.17149282,00
0.89337504,0.70715946,0.02499438,0.11567925,00

