0.39349103,0.44925308,0.01245586,0.04073167,09
0.48167247,0.41416869,0.01316777,0.04057344,09
0.26256886,0.47199413,0.01598361,0.07443039,09
0.35406643,0.79868120,0.37742820,0.37901568,02
0.03711139,0.60443872,0.06391073,0.05133604,02
0.18660393,0.60168272,0.04673412,0.07960685,02
0.88409883,0.65862352,0.13419236,0.10312863,02
0.98141223,0.66645581,0.03592402,0.06632515,02
0.11327640,0.66960597,0.08225869,0.25844830,00
0.56662434,0.67021728,0.03985492,0.17346253,00
0.21854798,0.64699537,0.04198786,0.16528545,00
0.74592960,0.70490390,0.03186798,0.19167559,00
0.61837119,0.64931798,0.01894100,0.07724129,00
0.75825036,0.70150751,0.03426940,0.18487200,00
0.71215636,0.66140753,0.01903904,0.10741333,00
0.80934393,0.66610050,0.02376107,0.09544436,00
0.89313459,0.70541948,0.02590112,0.12064617,00

