0.39349577,0.44922587,0.01258874,0.04083122,09
0.48184457,0.41419503,0.01322965,0.04062624,09
0.26239753,0.47195914,0.01600341,0.07343646,09
0.35298520,0.80149782,0.37802169,0.38264409,02
0.03673597,0.60408342,0.06266461,0.05147737,02
0.18804404,0.60199767,0.04540531,0.07845581,02
0.98112667,0.66674924,0.03630933,0.06774542,02
0.56412262,0.67059547,0.04039412,0.17282565,00
0.10794558,0.66856015,0.07594103,0.26249728,00
0.74371499,0.70512521,0.03396165,0.18489067,00
0.21585445,0.64888221,0.04840489,0.15878139,00
0.61934704,0.64950883,0.02008099,0.07887925,00
0.76170212,0.70292389,0.03354985,0.18809913,00
0.71153176,0.66200340,0.01856646,0.11030905,00
0.89189672,0.70604092,0.02774688,0.11919967,00
0.80829650,0.66197115,0.02431199,0.09373475,00

