0.39360097,0.44935977,0.01227970,0.04050150,09
0.48169512,0.41425690,0.01318837,0.04078673,09
0.26290208,0.47267160,0.01592611,0.07497755,09
0.35230401,0.80492026,0.37851056,0.37994671,02
0.03721159,0.60385305,0.06409473,0.04994449,02
0.98127472,0.66884273,0.03650103,0.07496397,02
0.13870969,0.59917724,0.04432947,0.07158381,02
0.18645601,0.60199314,0.04183965,0.07907540,02
0.56146401,0.67178810,0.04233621,0.17364061,00
0.10779699,0.67231148,0.05282453,0.22505879,00
0.21652940,0.64931089,0.04304140,0.15919583,00
0.61956030,0.64935869,0.02106972,0.08210865,00
0.76160699,0.70419770,0.03392554,0.19308028,00
0.73844278,0.70351285,0.03735453,0.17876124,00
0.89139521,0.70530570,0.02869581,0.12369724,00
0.71097219,0.66043085,0.01793716,0.10476341,00
0.80829132,0.66339803,0.02245224,0.09807566,00

