0.39351910,0.44929659,0.01264316,0.04083681,09
0.48195702,0.41416079,0.01341987,0.04088062,09
0.26191795,0.47218844,0.01619010,0.07383283,09
0.35367495,0.80514812,0.38078621,0.37500814,02
0.03671708,0.60511297,0.07040498,0.05105930,02
0.98104095,0.66706407,0.03582989,0.06664941,02
0.18642218,0.60111076,0.04166017,0.07221369,02
0.11058781,0.59631342,0.09675699,0.08291645,02
0.21662202,0.64982343,0.04469215,0.16283426,00
0.76215070,0.70626509,0.03834328,0.18508926,00
0.55852687,0.67278481,0.04132454,0.17137784,00
0.73660421,0.70767462,0.04108051,0.17536983,00
0.61889184,0.65058541,0.02114845,0.07452744,00
0.10353241,0.68794590,0.05673037,0.19853288,00
0.89167488,0.70542425,0.02882422,0.12867764,00
0.80742103,0.66323876,0.02098907,0.09746698,00
0.71080214,0.66071105,0.01758187,0.09575658,00

