0.39370370,0.44942865,0.01252835,0.04023976,09
0.48202938,0.41421339,0.01346499,0.04158804,09
0.71273041,0.56184649,0.01247991,0.03491576,09
0.35420793,0.80441773,0.37988171,0.37607321,02
0.98056346,0.66852188,0.03720582,0.07243173,02
0.03661554,0.60468972,0.06619259,0.05090116,02
0.18628655,0.59826678,0.03880056,0.06911784,02
0.75917852,0.70301276,0.03380591,0.19380148,00
0.21259446,0.64855456,0.04799131,0.16433954,00
0.55555123,0.67218101,0.04479384,0.18383057,00
0.09368921,0.66918772,0.05209763,0.19751707,00
0.61908013,0.65048122,0.02052162,0.07868045,00
0.80607635,0.66311520,0.02342332,0.10689561,00
0.73447025,0.70394522,0.03807165,0.17895845,00
0.89186972,0.70014954,0.03165838,0.14534564,00
0.71756035,0.69637406,0.02739845,0.18362759,00

