0.39345908,0.44956195,0.01239708,0.04022862,09
0.48157510,0.40845296,0.01280373,0.03273984,09
0.35503751,0.80308020,0.37834835,0.38029104,02
0.03605838,0.60587656,0.06570739,0.05045265,02
0.98110116,0.66669434,0.03583854,0.06804746,02
0.88215029,0.66228515,0.13289545,0.10338032,02
0.13809036,0.60200280,0.04702019,0.06720555,02
0.21178642,0.64536983,0.04521823,0.16689098,00
0.75692129,0.70030469,0.03263824,0.19397815,00
0.55383611,0.68182659,0.04719887,0.16301544,00
0.09098607,0.66777986,0.05037725,0.20218553,00
0.73541605,0.70705646,0.04414590,0.18039304,00
0.61930901,0.65072256,0.01959848,0.07742731,00
0.80615157,0.66137242,0.02222888,0.10253086,00
0.89162606,0.70204335,0.03241032,0.14765221,00

