0.39295617,0.44905931,0.01254295,0.03944864,09
0.48238087,0.41403565,0.01358168,0.04141025,09
0.35462627,0.80525130,0.37779480,0.38463545,02
0.03379962,0.60478371,0.06401241,0.05324794,02
0.13894138,0.59878331,0.04992462,0.07429816,02
0.21608964,0.61077392,0.14115442,0.10417932,02
0.98103493,0.66727960,0.03633358,0.06922236,02
0.88216466,0.66204196,0.13526610,0.10299558,02
0.89434785,0.93042475,0.20297599,0.15609080,02
0.75618857,0.69942421,0.03174396,0.19038214,00
0.21032727,0.64455128,0.04425085,0.16445647,00
0.08652905,0.65954775,0.05551214,0.19638552,00
0.54641378,0.68235117,0.04476824,0.15676397,00
0.71886867,0.70202535,0.03425575,0.19431770,00
0.62002540,0.64874285,0.01927246,0.08210202,00
0.73866576,0.70353538,0.03571327,0.18244538,00
0.80491477,0.66053230,0.02057436,0.09835449,00
0.89154112,0.69855475,0.03311539,0.14311522,00

