0.39330250,0.44922131,0.01284278,0.03846511,09
0.48228461,0.41412458,0.01340895,0.04139874,09
0.35433641,0.80645424,0.38081875,0.38330144,02
0.86837327,0.66272008,0.11971328,0.10867934,02
0.13880487,0.60037810,0.05177336,0.07587275,02
0.98071700,0.66793257,0.03594417,0.06995085,02
0.25887558,0.60764104,0.09346607,0.08570930,02
0.54489368,0.68230116,0.04488367,0.16306892,00
0.08324201,0.66070551,0.06067645,0.20372127,00
0.75426835,0.69689333,0.03233022,0.19459236,00
0.20831096,0.64500195,0.04359012,0.15923230,00
0.71849734,0.69693381,0.03764766,0.20070335,00
0.61945462,0.64997107,0.01987571,0.07578985,00
0.18884586,0.64724660,0.05666199,0.15388712,00

