0.39289856,0.44721755,0.01306487,0.03911427,09
0.48143870,0.41417465,0.01336656,0.04201043,09
0.35490376,0.80105388,0.37647700,0.37974977,02
0.86872321,0.66609168,0.12021530,0.10504520,02
0.13813648,0.60047317,0.04537290,0.07461743,02
0.25969258,0.60798234,0.09940817,0.08610993,02
0.98052043,0.66765618,0.03626294,0.07365682,02
0.03261475,0.60274166,0.06007054,0.05466916,02
0.08141319,0.66466802,0.06201340,0.21818227,00
0.54082948,0.68337047,0.03934017,0.16148923,00
0.20680948,0.64596540,0.04097598,0.16484874,00
0.75380760,0.69667774,0.03025575,0.18877056,00
0.71893495,0.69648635,0.03366674,0.20218031,00
0.61976856,0.65061581,0.01831363,0.07884949,00

