0.39280170,0.44743580,0.01317801,0.03929875,09
0.48148274,0.41416410,0.01350673,0.04200742,09
0.35412502,0.80118489,0.37869528,0.37316108,02
0.86737680,0.66464424,0.12200446,0.10042843,02
0.98036575,0.66661346,0.03567674,0.06919988,02
0.25977504,0.60830808,0.09983663,0.08507468,02
0.89389342,0.92978209,0.20269634,0.15929815,02
0.13718864,0.60464317,0.04047411,0.07235947,02
0.08147369,0.66751343,0.05840681,0.22722471,00
0.75415087,0.69919872,0.03272875,0.19250360,00
0.53963023,0.68283761,0.03902620,0.16608298,00
0.71762812,0.69745886,0.03294956,0.19216992,00
0.20504673,0.64762223,0.04120998,0.16370231,00
0.62091464,0.64963782,0.01720395,0.08147014,00
0.73953736,0.69824761,0.03145548,0.17718360,00
0.88892585,0.70310336,0.03227812,0.12687895,00

