0.39291590,0.44723037,0.01303705,0.03885930,09
0.48130471,0.41423571,0.01346138,0.04225543,09
0.35402974,0.80116022,0.38045782,0.37593481,02
0.25833550,0.60801041,0.09759445,0.08496834,02
0.98056763,0.66666687,0.03558139,0.06900530,02
0.86837244,0.66460425,0.12278463,0.10120381,02
0.13761364,0.60208893,0.04445809,0.06789928,02
0.71707499,0.69876456,0.03674266,0.18640853,00
0.19192371,0.64476871,0.05577935,0.16627035,00
0.75289708,0.69935739,0.03773852,0.19224773,00
0.53572732,0.68218845,0.03537942,0.16869938,00
0.08110398,0.66732842,0.06091085,0.22000679,00
0.62145710,0.64848316,0.01770785,0.08345981,00
0.88818151,0.70375824,0.03167703,0.12428958,00

