0.39307171,0.44768804,0.01329651,0.03842682,09
0.48142415,0.41416693,0.01350548,0.04254357,09
0.35485348,0.79935402,0.37942380,0.37786365,02
0.25604123,0.60946935,0.09870001,0.08788031,02
0.86712515,0.66547972,0.12415505,0.10320941,02
0.98180753,0.66641647,0.03393402,0.06823810,02
0.19104463,0.64249223,0.05262597,0.16659433,00
0.75304520,0.69924849,0.03683561,0.19476461,00
0.71454871,0.69469553,0.03634980,0.19505265,00
0.53335285,0.68299741,0.03460072,0.16371895,00
0.06862488,0.66609377,0.05122102,0.20291057,00
0.62096012,0.64489043,0.01643790,0.08324859,00
0.88829756,0.70274550,0.03101495,0.13015398,00

