0.39344534,0.44739929,0.01329706,0.03979264,09
0.48136964,0.41423991,0.01360297,0.04308341,09
0.35477832,0.79917395,0.38345206,0.37707290,02
0.86637688,0.66618025,0.12284078,0.09643211,02
0.25713831,0.60893643,0.10586792,0.08745857,02
0.98158503,0.66747767,0.03514361,0.07503666,02
0.19117452,0.64163423,0.05288568,0.17283078,00
0.75315630,0.69592971,0.03611922,0.19304891,00
0.71181411,0.69819683,0.03584599,0.18377233,00
0.53143513,0.67155105,0.03575981,0.17098813,00
0.06561363,0.66973323,0.05378566,0.20999509,00
0.88770485,0.70243508,0.03061858,0.13678162,00
0.62090719,0.64662009,0.01481572,0.07912594,00

