0.39332458,0.44756237,0.01337575,0.04004734,09
0.48130718,0.41429028,0.01363315,0.04322433,09
0.71296585,0.56366467,0.01439848,0.03634483,09
0.35408255,0.79935396,0.38661394,0.37765071,02
0.98107034,0.66797912,0.03560468,0.07186323,02
0.25957504,0.60980755,0.11285166,0.09167969,02
0.86411142,0.66411304,0.11868627,0.10060947,02
0.71047950,0.69725925,0.03317164,0.18723740,00
0.75373387,0.69601643,0.03183187,0.18491402,00
0.19314261,0.64614356,0.04968435,0.15919884,00
0.52954805,0.67276865,0.03914808,0.17068747,00
0.06370099,0.66516852,0.08656348,0.24775445,00
0.88775301,0.70273513,0.03237701,0.12504411,00
0.62064034,0.64732355,0.01479686,0.07946409,00

