0.59432584,0.34420630,0.00536727,0.01975003,09
0.92523342,0.43729305,0.13797094,0.09561489,02
0.40936169,0.44053134,0.09467425,0.12067758,02
0.60723561,0.51923442,0.16796163,0.26220524,02
0.98381758,0.46426398,0.03539247,0.09826066,02
0.50306749,0.88303190,1.03741038,0.30113810,02
0.54513025,0.40990841,0.02397071,0.02692621,02
0.72957516,0.40325639,0.04732718,0.04002810,02
0.49616030,0.41391537,0.02649366,0.02775561,02
0.86197615,0.41686088,0.06578697,0.07566210,02
0.37505856,0.41866079,0.05701180,0.07734168,02

