0.12236243,0.40192121,0.14463376,0.17474405,07
0.94057125,0.44389826,0.11948700,0.14547414,02
0.81058210,0.42522761,0.16946617,0.10186017,02
0.26781672,0.43691200,0.10115299,0.11316546,02
0.46838591,0.51693481,0.16634239,0.27770600,02
0.32331222,0.41145560,0.03951649,0.04749886,02
0.58498216,0.39452928,0.03084289,0.03536276,02
0.70342332,0.40333512,0.04684802,0.04669954,02
0.39810300,0.40174356,0.02479720,0.03164010,02
0.50405830,0.88177192,1.04683864,0.25205022,02
0.38708043,0.40170693,0.02394113,0.02921690,02

