0.07407528,0.40768853,0.15118742,0.20663293,07
0.24721241,0.43090150,0.09602612,0.10527580,02
0.94127887,0.43978703,0.11763535,0.15429707,02
0.82043797,0.42233691,0.18191370,0.10628864,02
0.44977233,0.51783204,0.17927277,0.27952331,02
0.36039552,0.40326345,0.02273297,0.03116316,02
0.29924709,0.40975755,0.03972557,0.04712168,02
0.50339293,0.88860101,1.06034362,0.25331846,02
0.56024963,0.39610514,0.06149632,0.03349822,02
0.37730214,0.40026909,0.02057828,0.02813582,02
0.69103634,0.40040717,0.05097422,0.05038705,02

