0.04647920,0.39809126,0.09691332,0.20060600,07
0.82161975,0.41553241,0.18016499,0.11810452,02
0.95029908,0.44328243,0.10142086,0.16867267,02
0.43160439,0.51218045,0.17670929,0.28511509,02
0.23264603,0.42632189,0.08896346,0.11242918,02
0.33944201,0.39796594,0.02512177,0.03749337,02
0.72417980,0.39423320,0.11388206,0.08680483,02
0.36522701,0.39465007,0.02457210,0.03582240,02
0.54701328,0.38858896,0.06310309,0.03141747,02
0.50384951,0.88975871,1.06644619,0.25067142,02
0.71620756,0.41591844,0.01984986,0.08807226,00

