0.03101174,0.39063025,0.07161658,0.21329859,07
0.82739800,0.41479754,0.18310343,0.12005456,02
0.42532885,0.51001525,0.18550494,0.27145642,02
0.95450288,0.44281504,0.09197097,0.16301912,02
0.22886482,0.42100361,0.09668388,0.11362579,02
0.33395973,0.39744037,0.03069023,0.03781586,02
0.69052732,0.39713857,0.05845860,0.05384879,02
0.54668206,0.38882074,0.06119952,0.02812476,02
0.72640467,0.39598563,0.10837477,0.09044768,02
0.36012802,0.39112985,0.02548128,0.03249265,02
0.50038105,0.88099802,1.05006170,0.24598201,02

