0.32094726,0.31647897,0.00706511,0.01616755,09
0.02825378,0.39303306,0.06666321,0.21635149,07
0.82976526,0.41547212,0.17575218,0.12112971,02
0.95430899,0.44345990,0.09132254,0.17405397,02
0.42627329,0.50867832,0.18462102,0.27622813,02
0.33223411,0.39980775,0.02943311,0.03712240,02
0.22931392,0.42330819,0.08991893,0.11009183,02
0.69071096,0.39570302,0.06511101,0.05787550,02
0.49520117,0.87705553,1.02209032,0.25590858,02
0.72329909,0.39517123,0.10657804,0.09019928,02
0.53573763,0.38885996,0.06293102,0.03398144,02

