0.31998295,0.32093239,0.00638564,0.02010179,09
0.01838976,0.38874531,0.03582777,0.23999530,07
0.83317357,0.41516066,0.19786404,0.12376924,02
0.22769022,0.42596614,0.09530789,0.09690016,02
0.96182090,0.44610667,0.07849713,0.16497625,02
0.42538819,0.51365453,0.18182643,0.28251156,02
0.32674548,0.40151826,0.02749156,0.03787672,02
0.69026864,0.39498147,0.06649645,0.06007756,02
0.53587782,0.39182898,0.06404126,0.03655052,02
0.35113272,0.39590067,0.02152006,0.03182650,02
0.72417909,0.39341518,0.11228105,0.08808015,02

