0.51995307,0.41011840,0.01866804,0.04912969,09
0.42379755,0.45778254,0.01688023,0.03637557,09
0.32296106,0.58792049,0.01036643,0.02428408,09
0.59757918,0.62659854,0.04453010,0.05816294,07
0.47749388,0.71589029,0.28475365,0.26800090,02
0.67856508,0.65824890,0.08107997,0.11938974,02
0.81252772,0.67943960,0.22368819,0.24616913,02
0.04629659,0.66887659,0.08956369,0.10713720,02
0.11614891,0.68214983,0.02708842,0.13161550,00
0.04166380,0.69255537,0.02657090,0.12251444,00
0.09726703,0.65443790,0.02002773,0.08149064,00

