0.81717730,0.50433940,0.03029978,0.11521327,10
0.56437159,0.41304502,0.24802084,0.30603480,07
0.41845399,0.39514881,0.05588119,0.10042939,07
0.33994237,0.44771686,0.06834223,0.09056614,02
0.25614476,0.43140459,0.06486291,0.08871605,02
0.45418730,0.87669504,0.92628652,0.23194407,02
0.37689871,0.40185994,0.02173784,0.03666638,02
0.08834697,0.43344620,0.05045696,0.04121658,02
0.12503850,0.42529956,0.02431224,0.03368049,02
0.30493960,0.40945908,0.02532222,0.03577216,02
0.76485586,0.41129103,0.01641119,0.06021304,00

