0.89630336,0.51251942,0.03667804,0.13556361,10
0.57362831,0.38051233,0.28506976,0.41137248,07
0.42408922,0.38770774,0.06564040,0.13132317,07
0.34047642,0.44435173,0.06516561,0.09296370,02
0.25640830,0.42525443,0.06171401,0.09188496,02
0.11501835,0.42474449,0.02720566,0.03404466,02
0.19164968,0.41316342,0.02189750,0.03593601,02
0.37645793,0.39804509,0.02148345,0.03333620,02
0.45533240,0.87287694,0.95543498,0.22966129,02
0.01481222,0.43930891,0.03219009,0.05896617,02
0.07633179,0.42750886,0.05837303,0.03825844,02
0.30609339,0.40352651,0.02467027,0.03746551,02

