0.91734171,0.51283389,0.04448236,0.14354575,10
0.60187644,0.38287550,0.31950060,0.38780668,07
0.42372647,0.38800365,0.06802019,0.13813825,07
0.34078896,0.44341218,0.06760930,0.09486120,02
0.25666043,0.42497459,0.06190210,0.09149953,02
0.07133170,0.43244061,0.06146375,0.04239557,02
0.11311018,0.42557392,0.02570740,0.03465740,02
0.19074793,0.41275772,0.02353741,0.03549264,02
0.37683320,0.39878982,0.02175281,0.03538261,02
0.45315582,0.87148058,0.92492980,0.24257986,02
0.30550417,0.40321931,0.02559246,0.03711823,02

