0.38734731,0.12049950,0.02516675,0.06829863,09
0.29455736,0.34466857,0.00397447,0.01252152,09
0.81116396,0.40213788,0.16766021,0.12389509,07
0.24599509,0.39246422,0.02290971,0.03245804,02
0.17239177,0.40883762,0.06031424,0.07147811,02
0.26994073,0.38679692,0.01735351,0.02229902,02
0.40185046,0.39589953,0.04354387,0.07012959,02
0.37126613,0.39342490,0.01147092,0.02790076,02
0.82025558,0.40105700,0.18435243,0.12105809,02
0.28085774,0.38467577,0.01276508,0.01719307,02
0.29999676,0.38516644,0.01453112,0.01849158,02
0.25619981,0.38975075,0.01965902,0.03107117,02
0.49091044,0.79243869,1.00552809,0.38839960,02

