0.38709846,0.11973286,0.02444497,0.06773508,09
0.29476422,0.34597430,0.00385532,0.01259151,09
0.40228578,0.12289646,0.01691854,0.06180756,09
0.81490159,0.40378484,0.19664173,0.14583039,07
0.16879737,0.40917626,0.06055157,0.07451016,02
0.24577416,0.39191559,0.02278877,0.03218968,02
0.27016783,0.38633865,0.01717356,0.02159611,02
0.82051581,0.40100816,0.18316655,0.12165494,02
0.37143046,0.39290428,0.01150855,0.02883966,02
0.40184262,0.39563850,0.04380583,0.06848393,02
0.25601518,0.38912755,0.01965556,0.03161447,02
0.49043363,0.79818404,1.00472987,0.37548658,02

