0.38721207,0.11787742,0.02396267,0.06900258,09
0.29474643,0.34551516,0.00362341,0.01193017,09
0.81558317,0.40462831,0.19183080,0.14904317,07
0.16866554,0.40943864,0.05980084,0.07589843,02
0.24569248,0.39186203,0.02420095,0.03238700,02
0.26986274,0.38593984,0.01634253,0.02128202,02
0.82169694,0.40059546,0.17923111,0.12492758,02
0.40182492,0.39565036,0.04458047,0.06886160,02
0.25655019,0.38901728,0.01900540,0.03152265,02
0.37125182,0.39298448,0.01077611,0.02908197,02
0.49063993,0.85248214,1.04756522,0.26631373,02

