0.38670978,0.11749583,0.02432033,0.06852911,09
0.40306878,0.12123502,0.01634517,0.06054568,09
0.29496154,0.34547886,0.00346623,0.01195858,09
0.81614679,0.40247843,0.19187996,0.14928085,07
0.16900577,0.40954554,0.05901541,0.07700245,02
0.24605270,0.39180353,0.02380141,0.03234855,02
0.26981473,0.38624206,0.01601541,0.02116827,02
0.40210429,0.39581820,0.04416413,0.06812507,02
0.25588575,0.38919958,0.02081835,0.03118265,02
0.82185882,0.40081385,0.17926423,0.12623532,02
0.37159723,0.39326656,0.01089888,0.02908168,02
0.28085014,0.38455364,0.01339016,0.01776634,02
0.29921946,0.38526785,0.01283917,0.01816021,02

