0.29405797,0.34788620,0.00473820,0.01314976,09
0.38753089,0.11960045,0.02404331,0.06797511,09
0.40245953,0.12268931,0.01652016,0.06726512,09
0.82215738,0.40683264,0.19388874,0.15051363,07
0.16745928,0.41456458,0.06099619,0.07191419,02
0.24620482,0.39694870,0.02481606,0.02984784,02
0.26978442,0.39016640,0.01696663,0.02096419,02
0.28190440,0.38682216,0.01403034,0.01805112,02
0.40228227,0.40121770,0.04410310,0.07182062,02
0.37149346,0.39653340,0.01265677,0.03004876,02
0.25557616,0.39446759,0.02034194,0.02841740,02
0.82382035,0.40337098,0.18593194,0.13417742,02

