0.38717309,0.12026216,0.02372461,0.06837871,09
0.29418847,0.34597632,0.00449396,0.01377855,09
0.40319324,0.12264575,0.01646995,0.06977473,09
0.82510573,0.40780893,0.19462681,0.15477292,07
0.16729146,0.41435745,0.06104369,0.07146628,02
0.24626046,0.39708388,0.02526761,0.03189090,02
0.26992452,0.38961175,0.01541711,0.02030100,02
0.40213999,0.40137428,0.04427769,0.07319195,02
0.28214556,0.38721085,0.01276358,0.01785381,02
0.82535303,0.40365750,0.18752564,0.13648371,02
0.29823115,0.38660443,0.01408886,0.01862008,02
0.37135977,0.39695618,0.01168475,0.03042861,02

