0.38733393,0.12014411,0.02282032,0.06823029,09
0.29448655,0.34740499,0.00454234,0.01381627,09
0.40356907,0.12218476,0.01594657,0.07016075,09
0.82535458,0.40378377,0.18798649,0.13516597,07
0.16745579,0.41448542,0.06093089,0.07389009,02
0.24581106,0.39786810,0.02443595,0.03093421,02
0.27001128,0.39128795,0.01472641,0.01995249,02
0.82669449,0.40821102,0.19328804,0.15565695,02
0.40208283,0.40209180,0.04410575,0.07317105,02
0.28208688,0.38855082,0.01206800,0.01715553,02
0.37110147,0.39748368,0.01098752,0.02970299,02
0.29853049,0.38780090,0.01393937,0.01771335,02
0.25547293,0.39523715,0.01912605,0.02815019,02

