0.38683093,0.12016356,0.02456847,0.06833781,09
0.13672805,0.31790039,0.01288938,0.03878992,09
0.40336031,0.12118331,0.01661330,0.06415401,09
0.24584278,0.39821053,0.02497932,0.03059481,02
0.16748916,0.41511780,0.05988746,0.07379358,02
0.82759714,0.40786716,0.19340205,0.15584078,02
0.29863170,0.38979763,0.01479100,0.01898122,02
0.28198037,0.38971666,0.01293641,0.01788940,02
0.26875314,0.39246926,0.01523890,0.02086748,02
0.40219960,0.40163013,0.04467447,0.07005938,02
0.49132597,0.78682113,1.01364076,0.37838006,02

