0.40234050,0.12208013,0.01619681,0.06562133,09
0.38562125,0.12003214,0.02252718,0.06787994,09
0.82948840,0.40970564,0.21065842,0.12498078,07
0.16720323,0.41799283,0.05951615,0.07388712,02
0.24614760,0.40049803,0.02662932,0.03370874,02
0.29885939,0.39242035,0.01474502,0.02020869,02
0.26889572,0.39306939,0.01617296,0.02301097,02
0.45776755,0.79068536,0.91643018,0.39272380,02
0.40297833,0.40304685,0.04212472,0.07236592,02
0.83044946,0.40926018,0.19776654,0.15059735,02
0.28224617,0.39108935,0.01223151,0.01862068,02
0.30720186,0.39026555,0.01261055,0.01799494,02

