0.40201879,0.12283466,0.01706723,0.06362753,09
0.38690984,0.12177724,0.02249159,0.06727907,09
0.82931685,0.41004360,0.20721862,0.12352308,07
0.16751188,0.41814384,0.05887683,0.07323836,02
0.24653105,0.40124077,0.02716553,0.03605186,02
0.29871774,0.39223731,0.01464841,0.02016086,02
0.40307528,0.40813729,0.04364559,0.06289525,02
0.45789915,0.79207110,0.91611075,0.40145656,02
0.26901594,0.39387193,0.01767784,0.02429791,02
0.30742317,0.39038169,0.01275774,0.01808950,02
0.28260207,0.39177313,0.01208541,0.01863000,02
0.83022672,0.41126099,0.19501634,0.15079682,02

