0.38562831,0.12100144,0.02353338,0.06777356,09
0.40137249,0.12219822,0.02292857,0.06335922,09
0.83073866,0.41074419,0.20863076,0.12699766,07
0.16713588,0.41952598,0.05973996,0.07835228,02
0.24540395,0.40218133,0.03067317,0.03333789,02
0.29990169,0.39337510,0.01690415,0.02258621,02
0.40247077,0.40932009,0.04429874,0.06450580,02
0.49076265,0.78231567,1.01919842,0.37477186,02
0.82953393,0.41265318,0.19493484,0.15513974,02
0.30613354,0.39237228,0.01492939,0.02144822,02
0.28079346,0.39214969,0.01466495,0.02070077,02
0.27011114,0.39395770,0.01719073,0.02176426,02

