0.13631099,0.32311785,0.01257983,0.03623348,09
0.38586843,0.12145340,0.02173874,0.06838198,09
0.16735953,0.42150995,0.05931222,0.07766074,02
0.24467845,0.40285131,0.02765148,0.03391829,02
0.83032930,0.41374817,0.19426541,0.15585499,02
0.29937041,0.39452305,0.01480791,0.02101024,02
0.40202504,0.40926209,0.04513206,0.06591941,02
0.26842046,0.39552149,0.01781579,0.02451409,02
0.45896816,0.79082197,0.92275560,0.37643304,02
0.30629393,0.39174780,0.01391465,0.01929759,02
0.28225353,0.39315683,0.01306357,0.02013393,02

