0.40157220,0.12267666,0.02261413,0.06438939,09
0.38627157,0.12211752,0.02340222,0.06691024,09
0.83213502,0.41144568,0.20232660,0.13026646,07
0.16748798,0.42157385,0.06056103,0.07647192,02
0.24505359,0.40296951,0.02759666,0.03689349,02
0.29941711,0.39577428,0.01657840,0.02329161,02
0.40211630,0.40874079,0.04782170,0.06483913,02
0.83102793,0.41071302,0.19322816,0.15360445,02
0.26942369,0.39580271,0.01875858,0.02483866,02
0.48739198,0.78410578,1.01060104,0.37460920,02
0.28216052,0.39407250,0.01344482,0.02099645,02

