0.38661060,0.12149273,0.02366026,0.06645872,09
0.40167892,0.12142344,0.02238063,0.06511733,09
0.83207852,0.41153154,0.19976881,0.12941924,07
0.16718000,0.42159471,0.06049746,0.07515436,02
0.24492729,0.40295416,0.02748396,0.03780014,02
0.29936418,0.39527231,0.01617393,0.02200799,02
0.40250278,0.40847498,0.04641160,0.06491016,02
0.83049208,0.41143236,0.19136781,0.15617903,02
0.26825464,0.39634082,0.01897845,0.02577269,02
0.48876396,0.78258473,1.00966847,0.37224019,02
0.28215060,0.39411148,0.01314849,0.02051885,02

