0.40277395,0.12175847,0.01765076,0.06261497,09
0.38616234,0.12126843,0.02381974,0.06589904,09
0.83286113,0.41093975,0.19987777,0.13314462,07
0.16656573,0.41993144,0.06015501,0.07655288,02
0.24628977,0.40242553,0.02512791,0.03711949,02
0.29911137,0.39438990,0.01645059,0.02142811,02
0.83062100,0.41249219,0.18944323,0.15997252,02
0.45626625,0.79442859,0.92006564,0.39177129,02
0.40242788,0.40901691,0.04589029,0.06589626,02
0.28125298,0.39295658,0.01432812,0.02176752,02
0.26948535,0.39558637,0.01634839,0.02353194,02
0.25508952,0.39992693,0.01938281,0.03265594,02

