0.40143868,0.12140175,0.02347359,0.06416306,09
0.38711143,0.12134798,0.02498068,0.06592788,09
0.83242810,0.41127867,0.19885047,0.13220751,07
0.16634536,0.41967380,0.05834692,0.07640933,02
0.24600081,0.40251520,0.02597887,0.03730019,02
0.29913214,0.39399135,0.01697107,0.02166929,02
0.40314016,0.40925169,0.04509484,0.06506325,02
0.83000273,0.41114599,0.18871510,0.15882102,02
0.25557458,0.40002120,0.02040472,0.03281542,02
0.28062817,0.39288703,0.01476436,0.02180781,02
0.45591158,0.79770267,0.92163199,0.38144130,02

