0.40181020,0.12140982,0.02273145,0.06504846,09
0.38670465,0.12112229,0.02398715,0.06721194,09
0.16647597,0.42028531,0.05887163,0.07657218,02
0.24572882,0.40291491,0.02321916,0.03655257,02
0.29939491,0.39503121,0.01607697,0.02160501,02
0.83239812,0.41131601,0.18627445,0.15705481,02
0.45579097,0.79527640,0.93298411,0.38880491,02
0.40233955,0.41030860,0.04783070,0.06278871,02
0.28142902,0.39337099,0.01333516,0.02095599,02
0.26885307,0.39610437,0.01554693,0.02356268,02
0.25599605,0.39952233,0.01728500,0.03115257,02

