0.38673213,0.12086619,0.02455304,0.06844339,09
0.40221572,0.12090066,0.02257503,0.06512108,09
0.83218020,0.41217032,0.19460228,0.13426177,07
0.16711329,0.42127791,0.05899650,0.07573470,02
0.24600363,0.40381226,0.02717085,0.03658579,02
0.29928038,0.39409274,0.01588955,0.02218624,02
0.83163220,0.41169152,0.19103740,0.15464149,02
0.40229487,0.40962565,0.04593956,0.06681152,02
0.28158745,0.39396378,0.01227588,0.01937483,02
0.25506663,0.40072131,0.02035453,0.03052506,02
0.26967254,0.39696571,0.01522163,0.02187510,02

