0.40081507,0.12170079,0.02338579,0.06588461,09
0.38679636,0.12144391,0.02452680,0.06859231,09
0.83459419,0.41394782,0.18853109,0.13207488,07
0.40211415,0.41144922,0.04660861,0.06762717,02,07
0.16551809,0.42517468,0.06078912,0.07555065,02
0.29900160,0.39764577,0.01913758,0.02356827,02
0.24580468,0.40755016,0.02876328,0.03274007,02
0.83691096,0.41808102,0.18559055,0.15831134,02
0.33546352,0.39137617,0.01794969,0.02286528,02
0.30494648,0.39498639,0.01799022,0.02218058,02
0.28172174,0.39681220,0.01496578,0.01991860,02
0.49258116,0.78722811,1.02176118,0.36857620,02

