0.38818908,0.12987600,0.02368448,0.06784858,09
0.40162265,0.12906469,0.02694657,0.06425723,09
0.16453938,0.43286809,0.06175951,0.06802796,02
0.24578352,0.41410840,0.02870867,0.03138008,02
0.49123377,0.78882903,0.99444711,0.36241654,02
0.29936293,0.40327114,0.01978732,0.02710530,02
0.83788949,0.41846225,0.18880589,0.13772012,02
0.40324995,0.41690448,0.04685700,0.07001968,02
0.26979935,0.41023591,0.02197378,0.02414012,02
0.33320624,0.40040988,0.01318287,0.01921315,02
0.37144196,0.41578767,0.01381395,0.03194320,02

