0.38768825,0.13132881,0.02309558,0.06706276,09
0.39981875,0.12972341,0.02417296,0.06483865,09
0.40332451,0.41909319,0.04837835,0.07178184,07
0.84886992,0.42127791,0.19831611,0.15400058,07
0.16360377,0.43530795,0.06204479,0.07010141,02
0.24530509,0.41715369,0.02562877,0.03000656,02
0.49276140,0.78967112,1.01430559,0.36065462,02
0.29987574,0.40883189,0.01869944,0.02272696,02
0.27006713,0.41232541,0.01940853,0.02360938,02
0.83720642,0.42159101,0.18349802,0.13705899,02
0.28050306,0.40968049,0.01553108,0.02025260,02
0.37073106,0.41796860,0.01347324,0.02956313,02

