0.40058258,0.13418676,0.01589199,0.06128543,09
0.38762459,0.13427483,0.02327564,0.06815729,09
0.84918857,0.43311396,0.20306924,0.15076390,07
0.16416796,0.43830359,0.06163177,0.06870928,02
0.24533969,0.42221162,0.02295438,0.03170453,02
0.29929247,0.41237122,0.01783865,0.02377699,02
0.49237236,0.78764290,1.01146102,0.36512527,02
0.40380070,0.42608494,0.04506737,0.07293462,02
0.26966229,0.41376457,0.01566965,0.02210971,02
0.28111354,0.41189766,0.01402787,0.01925595,02
0.83873796,0.42712751,0.18848266,0.13470121,02
0.30533272,0.41027015,0.01748825,0.02300281,02

