0.38703802,0.13039124,0.02304867,0.06717370,09
0.40006858,0.12908968,0.01633777,0.06175400,09
0.85321856,0.42673185,0.20192185,0.16110697,07
0.16306147,0.43815458,0.06058227,0.06971381,02
0.49420708,0.78914785,1.00263155,0.34029657,02
0.24475062,0.42265192,0.02799702,0.03393369,02
0.29882044,0.41217574,0.01873288,0.02550416,02
0.40246469,0.42534521,0.04773010,0.06987883,02
0.37096497,0.42070246,0.01310105,0.03351931,02
0.28220487,0.41197404,0.01384802,0.01929061,02
0.26824167,0.41481385,0.01676021,0.02423959,02
0.84949380,0.42229077,0.18995032,0.14258434,02

