0.38815516,0.12856096,0.02244551,0.06736418,09
0.40032843,0.12802862,0.02542628,0.06715455,09
0.40121853,0.42354801,0.05160860,0.07123117,07
0.85436368,0.42401385,0.20000196,0.16196385,07
0.16206841,0.43738955,0.06200454,0.06889848,02
0.24445622,0.42099103,0.02437408,0.03179173,02
0.29832268,0.41140175,0.01872259,0.02409609,02
0.49543881,0.79054981,1.00720227,0.34694836,02
0.28177682,0.41166452,0.01358855,0.01924779,02
0.27006361,0.41510874,0.01628583,0.02168342,02
0.85164571,0.41958323,0.19107190,0.14466946,02

