0.38773909,0.12329059,0.02429399,0.06933372,09
0.40068337,0.12298202,0.02334458,0.06764751,09
0.40212533,0.42253688,0.05216926,0.07242034,07
0.16176847,0.43768793,0.06308144,0.06842591,02
0.24481861,0.41889343,0.02799580,0.03394623,02
0.29898500,0.41036782,0.01776155,0.02255525,02
0.85579604,0.42330557,0.19770819,0.16466399,02
0.49124131,0.78256857,1.02585697,0.32151952,02
0.27008796,0.41364944,0.01666279,0.02162244,02
0.37043625,0.41976336,0.01261730,0.03051022,02
0.28041360,0.41065380,0.01372584,0.01866049,02

