0.40005112,0.11741081,0.01496835,0.06042685,09
0.38885203,0.11657004,0.02328312,0.06970511,09
0.85921788,0.42025894,0.19944903,0.16616829,02,07
0.40221444,0.41780776,0.05095592,0.07072896,02,07
0.16001810,0.43468100,0.06416880,0.07211291,02
0.24399516,0.41555536,0.02450777,0.03203752,02
0.29852805,0.40844867,0.01928907,0.02164279,02
0.49230641,0.79038221,1.01320970,0.33182847,02
0.33353204,0.40119916,0.01476273,0.01892195,02
0.37050480,0.41589993,0.01543226,0.03115222,02
0.26985723,0.41057512,0.01747638,0.01983788,02

