0.39035484,0.06423725,0.01969386,0.09865893,09
0.42399445,0.06404411,0.01967650,0.08690152,09
0.41596952,0.06324000,0.02073121,0.08653829,09
0.91290843,0.42867467,0.15167655,0.16253252,07
0.14611050,0.43858704,0.06610997,0.07813775,02
0.23994842,0.41852829,0.02650130,0.03558777,02
0.40981725,0.42288300,0.04911957,0.08148523,02
0.29425138,0.41138315,0.01896656,0.02742919,02
0.91780233,0.43008646,0.16718067,0.18069722,02
0.26810372,0.41252604,0.02052659,0.02108454,02
0.45397672,0.79812473,0.94014865,0.38375342,02

