0.42483646,0.05202775,0.02174481,0.08553257,09
0.39221057,0.06128619,0.02157491,0.10362847,09
0.92599791,0.43000254,0.14500211,0.16202828,07
0.14035472,0.43884206,0.06895671,0.08015438,02
0.29389614,0.41106665,0.01840150,0.02743766,02
0.23984799,0.41720974,0.02423857,0.03612941,02
0.26863608,0.41097331,0.01834690,0.02202429,02
0.41049358,0.42102399,0.04923386,0.08396639,02
0.92513084,0.43215075,0.15022820,0.19233827,02
0.25768313,0.41357723,0.01634003,0.02518954,02
0.45248023,0.85493112,0.95190054,0.26959702,02

