0.42562932,0.05156323,0.02185966,0.07874933,09
0.39294198,0.05142067,0.02112330,0.08876336,09
0.41389811,0.05101462,0.01959587,0.08430701,09
0.13976513,0.43900949,0.07144183,0.07776196,02
0.41052639,0.42320240,0.05148092,0.08309315,02
0.29336205,0.41229764,0.01930827,0.02700653,02
0.23962475,0.41827261,0.02166240,0.03599212,02
0.92478484,0.43216559,0.14756298,0.19648275,02
0.26760313,0.41159064,0.01817821,0.02241583,02
0.25797847,0.41441083,0.01751999,0.02543186,02
0.49140278,0.85557485,1.06531727,0.27526337,02

