0.42721045,0.05091655,0.02325327,0.08025283,09
0.41322944,0.05057770,0.01878599,0.08802813,09
0.92628175,0.43203253,0.14986472,0.20310889,02,07
0.13898598,0.44064656,0.07206168,0.08058508,02
0.29486829,0.41224140,0.02156480,0.02743208,02
0.23395494,0.42125672,0.02864392,0.03256486,02
0.41013047,0.42386630,0.05360787,0.08427827,02
0.48856631,0.85969329,1.05926073,0.26115659,02
0.25814882,0.41528913,0.01884096,0.02648291,02
0.26823559,0.41218883,0.01661040,0.02104000,02
0.37133321,0.41895133,0.01627429,0.03437216,02

