0.42736349,0.04856797,0.02356593,0.07934792,09
0.41410777,0.04749037,0.01999954,0.09114642,09
0.92834955,0.43212670,0.14794812,0.17814769,07
0.13813378,0.43977514,0.07233606,0.07952750,02
0.29363164,0.41258737,0.02121778,0.02589190,02
0.23950398,0.42020226,0.02154661,0.03499761,02
0.45639405,0.85787749,0.96292174,0.26463789,02
0.40985832,0.42337137,0.05374039,0.08445782,02
0.26720014,0.41283870,0.01891546,0.02203786,02
0.25850445,0.41500804,0.01874601,0.02633542,02
0.92600352,0.43022004,0.14736407,0.20713209,02
0.37105662,0.41980106,0.01460626,0.03358627,02

