0.42744374,0.04331287,0.02406791,0.07857758,09
0.39775160,0.04402930,0.02694692,0.08239223,09
0.93543422,0.42826596,0.13469781,0.18835431,07
0.13753869,0.44063577,0.07408310,0.08089742,02
0.45561811,0.86349475,0.94240451,0.22907086,02
0.29475829,0.41283688,0.02132764,0.02869740,02
0.23453477,0.42265543,0.03018539,0.03557724,02
0.41116890,0.42353261,0.05077533,0.08447770,02
0.26739237,0.41457096,0.01766374,0.02135964,02
0.93039161,0.42567265,0.13667937,0.20861089,02
0.25761443,0.41616166,0.01600614,0.02341632,02

