0.42999056,0.04160922,0.02414448,0.07526810,09
0.40002847,0.04186397,0.02494701,0.07981807,09
0.41393355,0.04391429,0.02447679,0.08544710,09
0.13486829,0.44188604,0.07616831,0.08183607,02
0.29475728,0.41279641,0.02179610,0.02815298,02
0.23442946,0.42268679,0.02855201,0.03510042,02
0.45562896,0.86141998,0.95408785,0.24776420,02
0.41140157,0.42388448,0.05117332,0.08674829,02
0.26842859,0.41397059,0.01931494,0.02321365,02
0.93772167,0.42849571,0.12808017,0.18889344,02
0.25639495,0.41582534,0.01710991,0.02585663,02

