0.42596480,0.02109784,0.05574527,0.04847263,09
0.12378353,0.44968939,0.08306900,0.08378340,02
0.44727334,0.86009157,0.92637908,0.27080598,02
0.23153752,0.42777124,0.03052231,0.03826297,02
0.97476023,0.46313310,0.05221332,0.14223012,02
0.41284853,0.42828992,0.05659781,0.08938502,02
0.29271901,0.42143279,0.02103234,0.02510543,02
0.25620881,0.42303166,0.02082359,0.02432482,02
0.28570488,0.42041135,0.01829505,0.02349232,02
0.37152568,0.42596024,0.01580569,0.03822504,02
0.26868090,0.41957524,0.01674005,0.02094558,02

