0.52220362,0.67633247,0.07981833,0.15622731,05
0.85052842,0.73847592,0.14837007,0.14447196,02
0.69869244,0.72150826,0.15940902,0.19898205,02
0.94529033,0.74669361,0.11564876,0.27853224,02
0.11322043,0.69520277,0.21736807,0.22956294,02
0.61500406,0.67340481,0.03408483,0.05957585,02
0.78286505,0.70308214,0.04540420,0.07624491,02
0.46644181,0.65777481,0.02719667,0.03694151,02
0.33031243,0.67848730,0.01313316,0.06389023,00
0.35123405,0.65862161,0.00905147,0.03252548,00
0.37489805,0.65298039,0.00894453,0.03115500,00
0.23180073,0.67561716,0.01257749,0.06009347,00

