0.52225530,0.68173522,0.08177493,0.15587091,05
0.85552227,0.73953706,0.15120688,0.14402252,02
0.69849777,0.72486168,0.15748176,0.19127841,02
0.09592899,0.71221787,0.18744336,0.25123578,02
0.95195311,0.75709701,0.09805448,0.26662230,02
0.78703398,0.71632946,0.05017185,0.09589492,02
0.61564887,0.67579097,0.03391188,0.05924451,02
0.46597919,0.66023785,0.02574051,0.03813658,02
0.33039063,0.67632937,0.01597273,0.07783161,00
0.35048962,0.65992278,0.00984052,0.03613432,00
0.37454307,0.65707755,0.00843822,0.02843484,00
0.23019883,0.67617673,0.01269875,0.05926133,00

