0.52274209,0.68282574,0.08419450,0.15492506,05
0.80105907,0.72704983,0.08236221,0.11894469,02
0.69849539,0.73876733,0.15854453,0.20939198,02
0.89059359,0.75342137,0.15582700,0.17747892,02
0.61672598,0.68200934,0.04074522,0.06239941,02
0.46568358,0.66840571,0.02664760,0.03994750,02
0.97893345,0.79080606,0.04002487,0.19149604,02
0.32381728,0.69064355,0.01402616,0.06728599,00
0.35046738,0.66778636,0.00960203,0.03390890,00
0.38343021,0.66748357,0.00659272,0.03076282,00
0.37275544,0.65979028,0.00748973,0.02850903,00

