0.52198064,0.69274074,0.07414966,0.16496328,05
0.80492908,0.72828639,0.08190054,0.12510926,02
0.69904405,0.72690499,0.15662172,0.19079773,02
0.90196276,0.76845330,0.16671330,0.19010033,02
0.61968023,0.68174827,0.03860616,0.05793598,02
0.46588472,0.66830981,0.02722116,0.04057588,02
0.08612651,0.73900437,0.02654153,0.06237111,01
0.35024840,0.66941649,0.00887114,0.03248178,00
0.32196760,0.69206047,0.01312550,0.06319521,00
0.27345967,0.69310331,0.02487949,0.08934021,00
0.38364658,0.66704369,0.00720673,0.03467283,00

