0.52194434,0.68123752,0.08270547,0.15638985,05
0.80828047,0.72686386,0.09072562,0.12756778,02
0.69710529,0.72431064,0.15069351,0.18905444,02
0.91470587,0.76241320,0.17181343,0.19472994,02
0.61698484,0.67727906,0.03921927,0.06134897,02
0.46470818,0.66565651,0.02744517,0.03532480,02
0.07317378,0.73886371,0.02712762,0.06402414,01
0.21389078,0.68955117,0.01495970,0.07977275,00
0.31913733,0.68982208,0.01267332,0.06819643,00
0.36545581,0.65882611,0.00672144,0.02857845,00
0.34921992,0.66095525,0.00913892,0.03239323,00
0.29453346,0.66077048,0.00857471,0.03645474,00
0.33601138,0.65950924,0.00946430,0.03785425,00
0.38336909,0.65827751,0.00655609,0.03007403,00

