0.52254248,0.69114107,0.07900512,0.16078053,05
0.81119037,0.72706729,0.09905588,0.12291478,02
0.69862425,0.72335243,0.14975157,0.18419763,02
0.91546601,0.76367438,0.16429374,0.19491573,02
0.61985254,0.67812657,0.03782350,0.05911864,02
0.46394092,0.66678917,0.03060012,0.03791459,02
0.06675471,0.74141413,0.02978127,0.07027289,01
0.34838834,0.66103411,0.00962602,0.03515004,00
0.36544141,0.65854841,0.00809296,0.02906644,00
0.20845462,0.68225831,0.01350029,0.05659869,00
0.31903282,0.69016522,0.01263500,0.06484564,00
0.38326678,0.65820605,0.00821001,0.03217931,00
0.33732280,0.66137397,0.00936437,0.03460842,00

