0.52185124,0.68215740,0.07141432,0.15679863,05
0.81896698,0.72963315,0.10496311,0.13803183,02
0.70069808,0.72445685,0.14056274,0.18101063,02
0.92182618,0.76381201,0.15592277,0.19639516,02
0.62132072,0.67509586,0.03758907,0.06011296,02
0.46540394,0.66002661,0.02729868,0.03671381,02
0.05807455,0.73962480,0.02978265,0.06193423,01
0.34896961,0.66005474,0.00936765,0.03362035,00
0.38328248,0.65686786,0.00820291,0.03917517,00
0.36386615,0.65729004,0.00763810,0.02865848,00
0.33700660,0.65882862,0.00886459,0.03395369,00
0.29367593,0.66003966,0.00911053,0.04044176,00
0.31823161,0.68134475,0.01278564,0.05359007,00
0.05651779,0.72938108,0.02710800,0.07165891,00

