0.52340502,0.67955649,0.08278418,0.15388414,05
0.82206631,0.72989964,0.11123061,0.13929653,02
0.92951334,0.76437265,0.14756432,0.21048072,02
0.69882989,0.71978897,0.14998467,0.18732589,02
0.62264705,0.67474854,0.03792703,0.06327650,02
0.46495146,0.66015953,0.02733505,0.03669057,02
0.04816431,0.73760653,0.02841174,0.06938754,01
0.34768510,0.65891999,0.00969462,0.03454536,00
0.31687507,0.67991191,0.01831818,0.07570362,00
0.36346510,0.65457851,0.00903687,0.02951211,00
0.33644542,0.65732807,0.00930073,0.03355655,00

