0.41841483,0.56246406,0.01365806,0.03358264,09
0.52300555,0.67868137,0.08086917,0.15467204,05
0.82465655,0.72984874,0.11958665,0.14312536,02
0.70188504,0.72202533,0.14585648,0.17817287,02
0.93068838,0.76735562,0.14410044,0.21977279,02
0.62165123,0.67301559,0.03611018,0.06227378,02
0.46452069,0.65784925,0.02723618,0.03434742,02
0.04087764,0.73769814,0.03091825,0.06541434,01
0.34706026,0.65453327,0.00948826,0.03512420,00
0.31401566,0.67731649,0.01729121,0.07041193,00
0.36326092,0.65056425,0.00771399,0.02983394,00
0.33590308,0.65364307,0.00866971,0.03286032,00
0.37986907,0.65254664,0.00763468,0.03076451,00

