0.41859603,0.56230897,0.01343723,0.03448323,09
0.52297705,0.67651677,0.07953226,0.15023553,05
0.82788152,0.73003531,0.12325377,0.14820990,02
0.70045030,0.72435415,0.14314702,0.18160151,02
0.92904299,0.76638174,0.14583404,0.20156296,02
0.62208754,0.67308050,0.03687707,0.06297686,02
0.46429420,0.65733796,0.02845160,0.03615783,02
0.03293027,0.73741001,0.04044239,0.06546330,01
0.34617198,0.65389603,0.00868127,0.03423618,00
0.31316078,0.67700732,0.01331295,0.06122681,00
0.33648196,0.65310782,0.00880980,0.03302315,00
0.25890604,0.67999613,0.02588651,0.09893604,00
0.36294734,0.64961886,0.00798543,0.03024060,00

