0.52273303,0.67777914,0.08113747,0.14963447,05
0.83363658,0.73055685,0.13203532,0.14513926,02
0.70194089,0.72014731,0.15996380,0.18859464,02
0.93220729,0.76673347,0.13637698,0.22052069,02
0.62307435,0.67276049,0.03852923,0.06504116,02
0.46403158,0.65838683,0.02885120,0.03507454,02
0.02268698,0.73899424,0.03035613,0.06603090,01
0.34551993,0.65469861,0.01059841,0.03704270,00
0.30991483,0.67718798,0.01802777,0.07679438,00
0.36148274,0.64895236,0.00877187,0.03308673,00
0.33617526,0.65345579,0.00962210,0.03309652,00
0.37965015,0.64844733,0.00784362,0.02928953,00

