0.41842821,0.56306636,0.01407529,0.03747838,09
0.52322245,0.67856181,0.08137419,0.15399788,05
0.83804137,0.73132539,0.13951574,0.15097754,02
0.70520699,0.72419196,0.14474319,0.17949948,02
0.93681538,0.76419240,0.11747438,0.19447619,02
0.62359869,0.67312741,0.03801314,0.06090353,02
0.46365187,0.65927440,0.02770220,0.03351383,02
0.30917543,0.68093729,0.01815680,0.07555496,00
0.34515494,0.65573967,0.01022414,0.03561649,00
0.36147624,0.65020877,0.00981402,0.03102935,00
0.28348270,0.65760875,0.00982555,0.03711680,00
0.33560348,0.65472656,0.00947993,0.03406636,00

