0.41754460,0.56492734,0.01336176,0.04096870,09
0.52244043,0.67816746,0.08320764,0.15878563,05
0.83861679,0.73891407,0.14693753,0.15588067,02
0.70141679,0.72309554,0.15528403,0.19016244,02
0.94022399,0.76827693,0.11842086,0.19783868,02
0.62342441,0.67491794,0.03839839,0.06299417,02
0.46431345,0.65878302,0.02740624,0.03872585,02
0.30685762,0.68132830,0.01371133,0.06208237,00
0.37941357,0.65363216,0.00932546,0.03015122,00
0.34497631,0.65650332,0.00979958,0.03338238,00
0.36092469,0.65127867,0.00974802,0.02834397,00
0.33672911,0.65615833,0.01014877,0.03394366,00

