0.52169943,0.67738277,0.08181529,0.15099542,05
0.84682578,0.73864675,0.15759240,0.16055748,02
0.70220309,0.72321647,0.15522613,0.19257841,02
0.94411457,0.76558650,0.11288426,0.19938147,02
0.62327576,0.67419958,0.03727328,0.06400756,02
0.46384394,0.65794379,0.02486129,0.03554772,02
0.30680078,0.67895514,0.01701561,0.07649170,00
0.37808824,0.65027755,0.00985408,0.02931882,00
0.33690205,0.65458721,0.00929149,0.03272692,00
0.34459838,0.65488082,0.00848297,0.03227604,00
0.35919535,0.64944345,0.00820578,0.02772836,00

