0.52152556,0.67896849,0.08287941,0.15824430,05
0.85471404,0.74213988,0.16231906,0.16253343,02
0.70255077,0.72574121,0.15503891,0.19039571,02
0.62319297,0.67508960,0.03759281,0.06441982,02
0.94503194,0.76948011,0.10966130,0.20503342,02
0.46414089,0.65712208,0.02613310,0.04135540,02
0.30572286,0.68149137,0.01717142,0.07224539,00
0.35904172,0.65127295,0.00893715,0.03281288,00
0.37770879,0.65078062,0.00902984,0.03152400,00
0.33661053,0.65564400,0.00973141,0.03329058,00
0.34487933,0.65445930,0.00844924,0.03402756,00

