0.40439525,0.53112078,0.01038559,0.03792052,09
0.52272695,0.67841226,0.08189574,0.16025856,05
0.86195552,0.74204302,0.15967043,0.15750135,02
0.70599711,0.72436935,0.15662344,0.19055158,02
0.95228654,0.76770014,0.09960482,0.20710135,02
0.62396306,0.67502809,0.04067639,0.06260817,02
0.46325985,0.65907693,0.02681062,0.03790156,02
0.30467573,0.68270361,0.01838684,0.06807660,00
0.37807775,0.65253115,0.00881178,0.03015108,00
0.33740774,0.65755123,0.01022824,0.03353476,00
0.35928246,0.65218610,0.00822904,0.02880994,00

