0.40496311,0.53280437,0.01146264,0.03603091,09
0.52100873,0.69137138,0.07314078,0.17130128,05
0.87014097,0.75476086,0.17272669,0.17399922,02
0.70422477,0.72618800,0.15460984,0.18726800,02
0.62583429,0.67668420,0.04154752,0.06088886,02
0.95517963,0.77395517,0.09594749,0.20205717,02
0.78681815,0.72089386,0.04552883,0.08218376,02
0.46391162,0.65840560,0.02648274,0.03869284,02
0.37779412,0.65733308,0.00810745,0.03055264,00
0.17305066,0.68517160,0.01879448,0.07381625,00
0.33804542,0.65970975,0.01159300,0.03330140,00

