0.40383935,0.53116786,0.01100069,0.03748250,09
0.52179301,0.68195271,0.07213572,0.16222660,05
0.87537563,0.75606275,0.17677914,0.18653755,02
0.70786041,0.72650188,0.15369853,0.18868157,02
0.62570065,0.67868459,0.04201227,0.06232512,02
0.96293688,0.77406067,0.07258421,0.20447072,02
0.45887432,0.66740060,0.03017718,0.04144096,02
0.78518915,0.72621953,0.05019863,0.12066320,02
0.37666115,0.65833539,0.00769574,0.03016069,00
0.16897316,0.69078624,0.01688677,0.07886515,00
0.33697221,0.66069925,0.01014776,0.03096884,00

