0.40178937,0.52906889,0.01063969,0.03667986,09
0.52061892,0.68197483,0.08489921,0.15992354,05
0.88425022,0.75812507,0.18007140,0.17876434,02
0.70604247,0.72519583,0.15539956,0.19232371,02
0.62631780,0.67787212,0.04122845,0.06178436,02
0.96498388,0.79320109,0.06811439,0.18569727,02
0.79396164,0.73069489,0.05387222,0.12601076,02
0.45845991,0.66659862,0.03040279,0.04172093,02
0.33718851,0.66051781,0.01050568,0.03676359,00
0.29509979,0.68375301,0.01751446,0.08027852,00
0.37567848,0.65760517,0.00852565,0.03115240,00
0.32240811,0.66021663,0.00963196,0.04033235,00

