0.40134275,0.52937627,0.01069314,0.03476594,09
0.52123004,0.68164176,0.07123293,0.16372424,05
0.88826066,0.76073581,0.19828941,0.18883477,02
0.70716494,0.72683698,0.15261535,0.18987672,02
0.62667233,0.67668271,0.04301802,0.06094922,02
0.79567754,0.72933853,0.05555373,0.12961765,02
0.45820728,0.66625035,0.03169428,0.04059952,02
0.96973753,0.79844421,0.06246440,0.17281140,02
0.29540339,0.68463564,0.01726077,0.07853510,00
0.33595517,0.65946048,0.01060316,0.03770437,00
0.37523037,0.65703291,0.00816473,0.03228610,00
0.35288498,0.65612119,0.00868226,0.03538721,00
0.32249269,0.65841675,0.01018604,0.03918133,00

