0.40036628,0.52980888,0.01010380,0.03785351,09
0.52110445,0.67890292,0.08435419,0.15478165,05
0.90198916,0.77069795,0.18567801,0.20904821,02
0.70770836,0.72520304,0.15338455,0.19143523,02
0.62808448,0.67549032,0.03972550,0.06110414,02
0.79727858,0.72906214,0.05791294,0.13321149,02
0.45927730,0.65929818,0.03147594,0.04446870,02
0.29454792,0.68440330,0.01814580,0.07636032,00
0.33540800,0.65793288,0.01125144,0.04010392,00
0.37477940,0.65609568,0.00885976,0.03252840,00
0.15955938,0.68438041,0.01929298,0.07242731,00
0.35322455,0.65397012,0.00850848,0.03407319,00
0.32354775,0.65792948,0.00960112,0.03885009,00
0.35726190,0.65486699,0.00818478,0.03284576,00

