0.39824191,0.52668017,0.01063753,0.03722508,09
0.52147913,0.67993593,0.07099856,0.16047142,05
0.90441060,0.77044177,0.18634146,0.20680872,02
0.70590001,0.72899300,0.14126325,0.19040696,02
0.62795264,0.67627591,0.04141207,0.06288898,02
0.80251169,0.72874302,0.07432673,0.12976904,02
0.45782337,0.66681659,0.03033881,0.04021285,02
0.33524355,0.65889841,0.00931612,0.03452368,00
0.37434554,0.65764046,0.00979534,0.03421117,00
0.35278404,0.65612531,0.00817630,0.03234553,00
0.26816604,0.66031158,0.01007853,0.04328543,00
0.32278609,0.65781635,0.00897883,0.03442530,00
0.15192886,0.69119447,0.01763882,0.08044259,00
0.29228225,0.68382561,0.01661719,0.07779863,00

