0.39659834,0.52640444,0.01026795,0.03542669,09
0.52103370,0.67785168,0.07044793,0.16301312,05
0.91079289,0.76227224,0.17576689,0.20711583,02
0.70940191,0.72207683,0.15176572,0.18957748,02
0.80420828,0.72902536,0.07970415,0.13611227,02
0.62916046,0.67488158,0.03984180,0.06466004,02
0.45747763,0.66038424,0.02823964,0.04024085,02
0.52085179,0.68959016,0.08209522,0.16571750,02
0.33350980,0.65568650,0.01009852,0.03725443,00
0.29117411,0.68356216,0.01747537,0.08110636,00
0.35207003,0.65385133,0.00858336,0.03250717,00
0.37355590,0.65349829,0.00960604,0.03253308,00
0.14997156,0.69100797,0.01980676,0.08235153,00
0.32249522,0.65433359,0.00986635,0.03444320,00

