0.39729688,0.51967049,0.00930475,0.03446507,09
0.52052271,0.67494327,0.08222710,0.15297951,05
0.91370189,0.76340336,0.17818223,0.20890081,02
0.80743390,0.72879636,0.08218703,0.13323882,02
0.70576054,0.72579390,0.14287843,0.18615995,02
0.62837332,0.67371094,0.04145939,0.06710534,02
0.45664853,0.65945297,0.02788279,0.03951075,02
0.33279809,0.65634942,0.01033670,0.03728278,00
0.28657731,0.68397993,0.01667089,0.08101067,00
0.35196620,0.65028006,0.00797398,0.02986814,00
0.32123858,0.65421581,0.00821505,0.03204037,00
0.37262735,0.65202814,0.00894825,0.02825227,00
0.14680439,0.69065440,0.01830867,0.08191946,00

