0.41080353,0.55916089,0.01264978,0.04111774,09
0.39603826,0.51825559,0.01234863,0.03478456,09
0.52093977,0.67410547,0.08026943,0.15232235,05
0.91640341,0.76431787,0.17446063,0.20782246,02
0.70842755,0.72060424,0.15678835,0.18822153,02
0.81103396,0.72759622,0.08483620,0.13162293,02
0.62995964,0.67301041,0.03808183,0.06443748,02
0.45736799,0.65877223,0.02811195,0.04131202,02
0.28324419,0.68301511,0.01627661,0.08153811,00
0.13943204,0.69008046,0.02080937,0.08177038,00
0.33211151,0.65452397,0.01085590,0.03670963,00
0.35084113,0.65145355,0.00936491,0.03236362,00

