0.39569542,0.51561165,0.01587539,0.03686031,09
0.52035218,0.67166346,0.08216724,0.15064283,05
0.92256945,0.76586592,0.16088280,0.21323591,02
0.71128660,0.72267306,0.15358625,0.18377349,02
0.81983900,0.72958398,0.09548137,0.13556641,02
0.63031089,0.67315030,0.03838460,0.06591160,02
0.45736098,0.65799481,0.02813886,0.03967171,02
0.28215951,0.68174684,0.01612031,0.08483609,00
0.33202320,0.65274280,0.01027105,0.04000634,00
0.25773740,0.65693510,0.01169540,0.04693277,00
0.35050821,0.64771146,0.00939315,0.03272815,00
0.13570569,0.69146371,0.02430685,0.08711503,00
0.37096286,0.64885128,0.01006748,0.03402741,00
0.32167247,0.65150285,0.00870718,0.03435570,00

