0.39618134,0.51194578,0.01193361,0.03943238,09
0.52075565,0.67087650,0.08016705,0.14616865,05
0.92488110,0.76500756,0.16185786,0.21721779,02
0.71252465,0.72087687,0.15004760,0.18592612,02
0.82149494,0.72959685,0.09875527,0.13055447,02
0.63275135,0.66847086,0.03768304,0.06593433,02
0.45528212,0.65732998,0.03070499,0.03852946,02
0.28007135,0.68008566,0.01640994,0.08505552,00
0.34955123,0.64777303,0.00967235,0.03664095,00
0.33137968,0.64907980,0.00959657,0.03961347,00
0.12900010,0.69060552,0.02176668,0.08762342,00
0.37101707,0.64743412,0.00981112,0.03866054,00
0.32341787,0.65003335,0.01022013,0.03787224,00

