0.39205033,0.51287270,0.01473861,0.03545133,09
0.51942652,0.67071062,0.08181949,0.14783475,05
0.71186632,0.71877420,0.14825515,0.18484840,02
0.82648861,0.72940528,0.11292818,0.13416241,02
0.92617536,0.77593583,0.15335949,0.22653446,02
0.63252527,0.66764641,0.03706831,0.06787091,02
0.45492911,0.65517527,0.02980591,0.03688734,02
0.27880979,0.68068588,0.01725349,0.08179842,00
0.37068987,0.64592355,0.00995531,0.03797257,00
0.32448560,0.64951253,0.01269470,0.03890090,00
0.12463027,0.68448383,0.02357109,0.08836046,00
0.25603494,0.65066528,0.01292917,0.05037562,00
0.34832099,0.64583296,0.01002675,0.03492482,00

