0.39135692,0.51260656,0.01293110,0.03740888,09
0.51996714,0.67113751,0.08191394,0.14612478,05
0.83023781,0.72941536,0.11408040,0.14231780,02
0.71174240,0.71894288,0.15047936,0.18745877,02
0.92883414,0.77062768,0.14837648,0.22322470,02
0.63287455,0.66794741,0.03736982,0.06765331,02
0.45496771,0.65768903,0.03067059,0.03797797,02
0.27814627,0.68132538,0.01788114,0.07908568,00
0.12184901,0.68427181,0.02396190,0.08521772,00
0.34845778,0.64613205,0.01021715,0.03296407,00
0.32332364,0.64959848,0.01172799,0.03570173,00
0.37089366,0.64659077,0.00849850,0.03564943,00

