0.39097413,0.51021284,0.01294173,0.03855316,09
0.52053601,0.67535979,0.08203823,0.14737144,05
0.71303380,0.72017771,0.14878403,0.18448596,02
0.83698738,0.72920436,0.11608670,0.14443685,02
0.93368262,0.77096361,0.13477677,0.22982144,02
0.63531029,0.66940349,0.03581443,0.06856044,02
0.45557439,0.65757412,0.03037898,0.03755136,02
0.27464893,0.68195474,0.01598521,0.08339222,00
0.34712318,0.64698321,0.00984140,0.03795454,00
0.37037790,0.64761132,0.01052672,0.03934925,00
0.25323781,0.65392172,0.01056068,0.04793655,00
0.32408801,0.65053666,0.01050297,0.03692839,00
0.11450951,0.68381053,0.02324695,0.08745156,00

