0.38966298,0.50621885,0.01572263,0.03115497,09
0.52120066,0.67093819,0.06820396,0.15691923,05
0.71635419,0.72408307,0.13965650,0.17899723,02
0.83778077,0.73000592,0.11289884,0.15049432,02
0.63627285,0.66690046,0.03583615,0.07175519,02
0.93755132,0.76892430,0.11707197,0.19744511,02
0.45558572,0.64869273,0.03259298,0.05149310,02
0.51939750,0.68935674,0.08414879,0.16034250,02
0.27224961,0.68308765,0.01797346,0.08228306,00
0.11165212,0.69018859,0.02117400,0.08975324,00
0.32434005,0.64952904,0.01222953,0.03846413,00
0.36742991,0.64446545,0.00983931,0.03811763,00

