0.38819465,0.50387979,0.01460344,0.03304436,09
0.52059311,0.67053109,0.06804179,0.15954866,05
0.71538967,0.72257763,0.14265379,0.17724313,02
0.84685558,0.72964495,0.14181955,0.15788171,02
0.63510752,0.66141278,0.03841452,0.06549515,02
0.93612981,0.76296270,0.12435089,0.22424026,02
0.45415616,0.64747101,0.03216846,0.05271573,02
0.51893675,0.68998921,0.08525932,0.16292240,02
0.26960030,0.68029338,0.01751829,0.08697769,00
0.34540600,0.64362794,0.01073525,0.04399136,00
0.32348654,0.64766389,0.01210694,0.04234899,00
0.10903890,0.68314612,0.02226264,0.09179647,00
0.36685014,0.64355934,0.01020277,0.04439905,00
0.31022385,0.64842397,0.01181159,0.04259062,00

