0.38813260,0.50360256,0.01597258,0.03340241,09
0.40554929,0.54991889,0.01271838,0.03700237,09
0.51932508,0.67033029,0.08132239,0.14781126,05
0.85687858,0.72981989,0.14601214,0.15644135,02
0.71537691,0.72350597,0.13928851,0.17934208,02
0.63645381,0.66603482,0.03699217,0.07057247,02
0.94948316,0.76102179,0.10453649,0.24025244,02
0.45438451,0.64632803,0.03097712,0.05414190,02
0.26782188,0.67980981,0.01691259,0.08459935,00
0.10061695,0.68317538,0.02158017,0.09420484,00
0.24660422,0.65021026,0.01009465,0.04817129,00
0.34419516,0.64464116,0.01134587,0.04373406,00
0.32151854,0.65009105,0.01237039,0.03959894,00
0.36562148,0.64409310,0.01033535,0.04078255,00

