0.38766626,0.50380224,0.01708483,0.03035408,09
0.52013761,0.67046386,0.08092870,0.14492205,05
0.71547490,0.72431779,0.14362559,0.17823170,02
0.85670251,0.73825371,0.15584788,0.14273109,02
0.95013607,0.76829475,0.10275203,0.19862738,02
0.63688189,0.66692454,0.03765104,0.07312415,02
0.45373586,0.64720017,0.03062669,0.05366749,02
0.26631391,0.68145299,0.01721670,0.08756273,00
0.09792325,0.68356216,0.02073661,0.09894693,00
0.34404853,0.64635378,0.01099365,0.04187132,00
0.32200715,0.65038377,0.01077686,0.03915419,00
0.36542574,0.64542496,0.01039291,0.03908281,00
0.30976537,0.65101415,0.01148905,0.03972410,00
0.24547170,0.65143299,0.01107742,0.04675000,00

