0.38649699,0.50490808,0.01467176,0.03457956,09
0.52012479,0.67164683,0.06648996,0.16028419,05
0.71923983,0.71946669,0.15169093,0.18689038,02
0.86024344,0.73860145,0.15413372,0.14782147,02
0.95171386,0.76816463,0.10121048,0.20100303,02
0.63865453,0.66665059,0.03835649,0.06962586,02
0.45365787,0.64755070,0.03113503,0.05371819,02
0.26412320,0.68285400,0.01548218,0.08660261,00
0.08920516,0.68464249,0.02178550,0.10323246,00
0.36427003,0.64691150,0.00999491,0.03598931,00
0.24251920,0.65431595,0.01071949,0.04742444,00
0.32069698,0.65233111,0.00939402,0.03687796,00
0.34390393,0.64602399,0.00935263,0.03866255,00
0.34044629,0.64633828,0.00874190,0.03783417,00
0.30902642,0.65137303,0.01076371,0.03769232,00

