0.38451979,0.50463068,0.01678001,0.03183009,09
0.51964390,0.67258638,0.08255261,0.14444397,05
0.72084540,0.71881258,0.14679736,0.19040482,02
0.86243761,0.73991436,0.14540786,0.15159708,02
0.63969648,0.66784382,0.03937943,0.07085361,02
0.95770758,0.77269608,0.08999819,0.20187706,02
0.45365962,0.64920563,0.03178062,0.05455855,02
0.26071769,0.68458092,0.01748397,0.08790919,00
0.08548220,0.68463141,0.02102024,0.10564449,00
0.36440969,0.65023953,0.01078314,0.03701529,00
0.33842811,0.65154237,0.00876909,0.03678735,00
0.32003871,0.65327466,0.00977288,0.03774948,00
0.24236085,0.65575826,0.01161574,0.04704522,00

