0.38482770,0.50491035,0.01457095,0.03295738,09
0.51827490,0.67610621,0.08393872,0.15417929,05
0.87668431,0.74276346,0.16913873,0.16322275,02
0.72117633,0.72032505,0.14942588,0.19709656,02
0.64101142,0.66890150,0.03895473,0.07211606,02
0.96555930,0.77324122,0.07420490,0.21363589,02
0.25729921,0.68512172,0.01870228,0.09066688,00
0.31956702,0.65438330,0.01123245,0.04187576,00
0.07624516,0.69176990,0.01902220,0.10472235,00
0.36272466,0.65205050,0.01141278,0.03641991,00
0.33850423,0.65182883,0.01014853,0.03755615,00
0.30707660,0.65476954,0.00992141,0.03864811,00

