0.37941319,0.50504714,0.01808276,0.03437854,09
0.51725864,0.67286342,0.08242250,0.15369405,05
0.88051528,0.74397308,0.16076630,0.16075137,02
0.71846855,0.72419059,0.14399956,0.18539742,02
0.63905734,0.66822726,0.03877557,0.07013493,02
0.96727359,0.77482605,0.06976777,0.20765714,02
0.45025578,0.64818496,0.03158879,0.05498784,02
0.47061691,0.64841264,0.01530512,0.03276676,02
0.25628421,0.68478519,0.01777109,0.09061925,00
0.07305952,0.69254774,0.02038965,0.10932213,00
0.32018983,0.65246135,0.00998102,0.03795866,00
0.36237642,0.64871573,0.01121730,0.03634461,00
0.30921233,0.65344316,0.00966658,0.03354570,00
0.33761472,0.65197855,0.01082904,0.03428762,00

