0.37842390,0.50482428,0.01560589,0.03740660,09
0.45022655,0.64769828,0.03116600,0.05661286,07
0.51782227,0.67547572,0.08233519,0.15314053,05
0.88921916,0.75181913,0.18810976,0.18614943,02
0.71941292,0.72508574,0.14683190,0.18386851,02
0.64208257,0.66758907,0.03791505,0.06870171,02
0.47097668,0.64972425,0.01606707,0.03639505,02
0.25295439,0.68510550,0.01803118,0.09612843,00
0.06953847,0.69212657,0.02572895,0.10572066,00
0.36074403,0.64934862,0.01040492,0.03520614,00
0.31868735,0.65436226,0.01189724,0.04005756,00
0.33654663,0.65119994,0.01188608,0.03276063,00
0.30905241,0.65495825,0.01118908,0.03512575,00
0.29975048,0.65872741,0.01303876,0.03972887,00
0.23373692,0.65509087,0.01104029,0.04131177,00

