0.37772664,0.50426477,0.01673863,0.03754007,09
0.51847440,0.67678440,0.08333158,0.15163185,05
0.72273624,0.71977121,0.15388347,0.19797723,02
0.89106518,0.75353253,0.18029872,0.18521643,02
0.64215833,0.67002803,0.03806535,0.06998496,02
0.44982433,0.65346247,0.03152827,0.05628605,02
0.47041255,0.65250224,0.01683480,0.03263419,02
0.06164453,0.69398826,0.02213699,0.11227991,00
0.25141677,0.68539727,0.01843616,0.09543245,00
0.36096373,0.65176034,0.00945516,0.03565212,00
0.29928097,0.65939945,0.01173118,0.03972904,00
0.31831896,0.65491199,0.01083081,0.04051524,00
0.30994514,0.65646249,0.01052836,0.03650070,00
0.33577815,0.65105397,0.01031971,0.03305794,00
0.23325694,0.65839350,0.01110868,0.04116113,00

