0.37737644,0.50527006,0.01546001,0.03872756,09
0.51734638,0.68008763,0.08569918,0.15537179,05
0.90435177,0.75976086,0.18322708,0.20325580,02
0.72430599,0.72730953,0.15005979,0.18686545,02
0.64554006,0.67019761,0.04114673,0.06860220,02
0.45012006,0.65473306,0.03263687,0.05547681,02
0.51711190,0.69059747,0.08530082,0.16225150,02
0.11259074,0.67600596,0.07055018,0.05575936,02
0.05564372,0.69379193,0.02392862,0.10668911,00
0.24831490,0.68547529,0.01973513,0.10423765,00
0.29778981,0.65952337,0.01111429,0.03917690,00
0.31185240,0.65802318,0.01112769,0.03906008,00
0.35978541,0.65198946,0.00945060,0.03742604,00
0.31818444,0.65534979,0.01049160,0.04151755,00
0.33457446,0.65277719,0.00996463,0.03405573,00
0.23097332,0.65933561,0.01190131,0.04831954,00

