0.37652892,0.50312805,0.01449091,0.03362783,09
0.51866478,0.67764318,0.06687155,0.16145250,05
0.90737903,0.75849658,0.18052678,0.19558471,02
0.72646374,0.72265440,0.15946157,0.19595397,02
0.64600897,0.66888493,0.04126099,0.06987549,02
0.47043499,0.65192324,0.01709841,0.03231275,02
0.44966146,0.65229678,0.03134847,0.05552306,02
0.24614675,0.68495029,0.02021732,0.10147946,00
0.04773355,0.69272864,0.02261081,0.11209960,00
0.33473149,0.65205735,0.00891545,0.03837506,00
0.29707104,0.65690351,0.01123263,0.03899183,00
0.31038025,0.65516585,0.01050437,0.03775343,00
0.35946509,0.65087652,0.00970714,0.03672675,00
0.31857327,0.65191823,0.00946440,0.04004621,00
0.22913413,0.65790993,0.01073873,0.05036595,00

