0.37444729,0.49385148,0.01167913,0.04024970,09
0.51794040,0.67595178,0.08357161,0.15522036,05
0.91184312,0.76096737,0.17404725,0.19192092,02
0.72807968,0.72245234,0.15848921,0.19698869,02
0.64683235,0.66857690,0.03967367,0.06986210,02
0.46888104,0.65001959,0.01644421,0.03156498,02
0.11146045,0.67217523,0.06198992,0.05804865,02
0.24408697,0.68295753,0.01855742,0.09987107,00
0.04263463,0.69092906,0.02795621,0.10927828,00
0.33261353,0.64743048,0.01247452,0.03642743,00
0.35837182,0.64641327,0.01151699,0.03762299,00
0.22779974,0.65551639,0.01056989,0.05429951,00
0.29646701,0.65415692,0.01183885,0.03475827,00
0.30996135,0.65258169,0.01080136,0.03586813,00
0.31782028,0.64989614,0.01013203,0.03664216,00

