0.37418532,0.49241146,0.01281842,0.03936055,09
0.51864296,0.67382652,0.08277299,0.15328155,05
0.91418016,0.75967181,0.17273583,0.20494305,02
0.72986621,0.72279638,0.16365431,0.19256425,02
0.64714819,0.66666448,0.03977472,0.07147346,02
0.20380385,0.65497023,0.05142140,0.05710208,02
0.45015526,0.65565032,0.02809015,0.03924550,02
0.10937500,0.66863012,0.06752443,0.06019899,02
0.46805015,0.64797360,0.01587875,0.03240472,02
0.24206884,0.68259645,0.02009607,0.09722014,00
0.03477287,0.68390781,0.02531719,0.11618584,00
0.30929419,0.64996725,0.00927573,0.03646985,00
0.29488838,0.65268040,0.01109075,0.03911696,00
0.33334485,0.64529902,0.00997590,0.03716036,00
0.35781527,0.64501113,0.01047680,0.03920987,00
0.22595847,0.65291893,0.01069923,0.05517678,00
0.31808415,0.64681482,0.00870578,0.03633194,00

