0.37341136,0.48713401,0.01297128,0.03589603,09
0.51646614,0.67237675,0.06351906,0.15332934,05
0.91929287,0.76272374,0.16715603,0.20547840,02
0.73119259,0.72143471,0.16313116,0.20515259,02
0.65236682,0.66097844,0.04338264,0.06792605,02
0.44883066,0.64450210,0.03217505,0.05272250,02
0.20382741,0.65354699,0.04377280,0.05463596,02
0.02383063,0.68439990,0.02428152,0.11611879,00
0.23881741,0.67873102,0.01974549,0.10023502,00
0.30862680,0.64737421,0.01205094,0.04121403,00
0.29337743,0.65025687,0.01335342,0.04376511,00
0.33297494,0.64318293,0.01141968,0.04276926,00
0.22126165,0.64951652,0.01307272,0.05359943,00

