0.37158662,0.48762587,0.01621455,0.03512386,09
0.51820725,0.67149150,0.08094525,0.14218023,05
0.92248905,0.75908387,0.15790786,0.20940845,02
0.73221803,0.72142285,0.17022178,0.20279081,02
0.65301871,0.66071755,0.04388336,0.06767945,02
0.44641957,0.64759636,0.03446583,0.04945258,02
0.23470128,0.67957646,0.02208851,0.10459497,00
0.29472452,0.64902812,0.01095091,0.04380202,00
0.01791688,0.69020796,0.02622800,0.11296974,00
0.30856189,0.64697993,0.01036968,0.03841361,00
0.33183041,0.64371985,0.01146971,0.04253556,00
0.22022592,0.64895350,0.01271749,0.05503648,00

