0.37091729,0.48065358,0.01588487,0.03859105,09
0.39884758,0.54143822,0.01277834,0.04702814,09
0.51640761,0.67128140,0.06445129,0.15362529,05
0.92436677,0.75803846,0.15324904,0.21248823,02
0.65407765,0.65957963,0.04364717,0.07499076,02
0.73983634,0.71453840,0.15846141,0.20053159,02
0.44616628,0.64625615,0.03522375,0.05092111,02
0.18970390,0.65226775,0.05128378,0.05217027,02
0.09511173,0.65754092,0.06770963,0.05931134,02
0.23343432,0.67624336,0.02120052,0.10469720,00
0.21916425,0.64668822,0.01194838,0.05740206,00
0.29692802,0.64706784,0.01154101,0.04102832,00
0.30864146,0.64463264,0.01143714,0.03930900,00
0.01105623,0.68059021,0.01787199,0.11238208,00
0.32659924,0.63606268,0.01225164,0.03363271,00
0.35649350,0.63713783,0.01155984,0.03464929,00
0.33180776,0.63741791,0.01119494,0.03545328,00
0.62425685,0.63475865,0.01021759,0.03873188,00

