0.37064746,0.48154873,0.01515122,0.03881249,09
0.39848167,0.54091722,0.01349561,0.04654339,09
0.51684606,0.67008150,0.08083034,0.14370728,05
0.92667431,0.76668006,0.14574468,0.20952155,02
0.65442163,0.65910941,0.04295765,0.07247077,02
0.73352510,0.71729547,0.16294973,0.20354603,02
0.19022469,0.65132785,0.05080594,0.05284921,02
0.44586158,0.64520627,0.03424733,0.04953499,02
0.08654191,0.65698856,0.07301920,0.06069226,02
0.46828565,0.63531947,0.01957945,0.03805318,02
0.23117881,0.67689830,0.02024937,0.09995138,00
0.29713124,0.64560890,0.01167501,0.04007272,00
0.21721461,0.64617682,0.01256667,0.05662144,00
0.30963495,0.64411527,0.01082332,0.03919796,00
0.00871355,0.67892927,0.01531531,0.10753538,00
0.32579145,0.63634056,0.01179501,0.03177440,00
0.35377270,0.63750869,0.01234525,0.03347754,00
0.28552762,0.64494181,0.01108804,0.04331273,00
0.62405032,0.63398540,0.00939597,0.03196935,00

