0.37042478,0.48083606,0.01450451,0.03493689,09
0.39851931,0.54212201,0.01250926,0.04819162,09
0.51771605,0.66904950,0.08219023,0.14662851,05
0.74098587,0.71844286,0.16103369,0.19769327,02
0.65596670,0.65929478,0.04383819,0.07501575,02
0.93296242,0.76755053,0.13398863,0.20977972,02
0.19194546,0.65401185,0.04669558,0.05213264,02
0.44613186,0.64571881,0.03504001,0.04980092,02
0.08378690,0.65916520,0.07226095,0.06260115,02
0.22848387,0.67626506,0.02095407,0.10153174,00
0.35366488,0.63729423,0.01157312,0.03672395,00
0.31067705,0.63780600,0.01220726,0.04343060,00
0.21591167,0.64731365,0.01104705,0.05720821,00
0.29737195,0.64502865,0.01171352,0.03957781,00
0.32594079,0.63642633,0.01192660,0.03410967,00
0.33289784,0.63826627,0.01164600,0.03684052,00

