0.39753082,0.54005563,0.01320903,0.04460879,09
0.36673698,0.47290552,0.01514863,0.04403792,09
0.51835102,0.67037290,0.06510288,0.15882264,05
0.74383980,0.71574700,0.15447351,0.20319702,02
0.65930456,0.65881860,0.04522140,0.06951004,02
0.93471956,0.76979202,0.12116010,0.18598828,02
0.44848466,0.64328688,0.03476359,0.05319284,02
0.18974410,0.65160275,0.04883023,0.05437697,02
0.46878719,0.63417143,0.01919422,0.03748918,02
0.08134057,0.65763605,0.07063407,0.06291612,02
0.22754936,0.67480075,0.02023688,0.09600931,00
0.31053194,0.63718075,0.01142004,0.04196237,00
0.35316449,0.63717395,0.01142059,0.03545567,00
0.32515407,0.63702601,0.01104197,0.03560629,00
0.28523991,0.64558530,0.01280610,0.04544025,00
0.29780799,0.64361417,0.01267366,0.04240750,00
0.62634134,0.63524914,0.01082538,0.03788066,00
0.21605726,0.64773029,0.01151537,0.05574555,00

