0.36623240,0.47142774,0.01468654,0.04318099,09
0.39780721,0.54199708,0.01291666,0.04561895,09
0.27027562,0.53882182,0.01027116,0.03103029,09
0.51667452,0.67074823,0.08375820,0.14352073,05
0.74360919,0.72020346,0.15835863,0.20492443,02
0.66019696,0.66086751,0.04501632,0.07368585,02
0.94097841,0.77099365,0.11670374,0.18908583,02
0.44589147,0.64553714,0.03324967,0.05096166,02
0.17794216,0.65179116,0.04997609,0.05619297,02
0.07536816,0.65756112,0.07101910,0.06361017,02
0.22051756,0.67649311,0.02157597,0.10665759,00
0.29695931,0.64497000,0.01265717,0.04237701,00
0.32496792,0.63717335,0.01169894,0.03941252,00
0.28276479,0.64708346,0.01329611,0.04610172,00
0.35254809,0.63716251,0.01112912,0.03794753,00
0.30865365,0.64380747,0.01138373,0.04201417,00
0.20576043,0.64984518,0.01274244,0.05712819,00

