0.36570364,0.47045866,0.01633393,0.04277140,09
0.39762557,0.53974390,0.01361359,0.04465037,09
0.51597255,0.67115718,0.08503906,0.14460465,05
0.74546438,0.72279847,0.16646847,0.20493002,02
0.66327381,0.66091990,0.04524145,0.07800162,02
0.94502860,0.76871324,0.10579985,0.19022302,02
0.17906748,0.65083468,0.05036456,0.05498880,02
0.44568443,0.64548653,0.03316440,0.04927577,02
0.07127535,0.65594190,0.06890871,0.06169098,02
0.46701026,0.63488066,0.01913079,0.03602255,02
0.21815503,0.67654473,0.02227895,0.10219657,00
0.32370600,0.63738722,0.01180616,0.04270400,00
0.28133622,0.64526063,0.01493760,0.05143733,00
0.30817565,0.63673764,0.01196410,0.04636388,00
0.35094967,0.63488030,0.01134641,0.03602202,00
0.20650379,0.64615875,0.01268672,0.05992673,00
0.29537663,0.64338815,0.01335014,0.04561843,00
0.62834525,0.63684487,0.01258161,0.04364846,00

