0.04826803,0.72285628,0.06488817,0.08369786,13
0.36409682,0.46854824,0.01286267,0.04282573,09
0.26909783,0.53616673,0.00926549,0.03489778,09
0.39602056,0.53902555,0.01437171,0.04540516,09
0.51545906,0.67009515,0.08187670,0.14541225,05
0.74468631,0.72226804,0.16174901,0.20365323,02
0.66340983,0.66087836,0.04789904,0.07635757,02
0.94974798,0.76587868,0.10055277,0.22354147,02
0.17774317,0.65008122,0.04760325,0.05304249,02
0.44474015,0.64367503,0.03321451,0.05031099,02
0.06997617,0.65389860,0.06591045,0.05975254,02
0.46548215,0.63333821,0.01906248,0.03541916,02
0.35061073,0.63551277,0.01059355,0.03974626,00
0.21624151,0.67610812,0.02150136,0.10100438,00
0.30696473,0.63654691,0.01242993,0.04435779,00
0.32376853,0.63647586,0.01112484,0.03726365,00
0.33510265,0.63652521,0.00973603,0.03639117,00
0.28112221,0.64460003,0.01404009,0.04861840,00
0.20448227,0.64477819,0.01244392,0.06276941,00
0.29412881,0.64292550,0.01266899,0.04460973,00

