0.36350283,0.46882913,0.01345730,0.03982750,09
0.39635020,0.53872782,0.01296274,0.04450525,09
0.51618540,0.67063200,0.08385254,0.14572558,05
0.74734908,0.72165644,0.16085215,0.20698440,02
0.66699421,0.66142601,0.04861811,0.07733006,02
0.95642740,0.76260978,0.08973894,0.24019670,02
0.44402352,0.64538097,0.03392636,0.05058241,02
0.16625880,0.65019912,0.06300662,0.05289515,02
0.46621302,0.63439953,0.01834831,0.03334798,02
0.34947881,0.63553149,0.01110874,0.03939091,00
0.21490508,0.67569369,0.02253988,0.09870943,00
0.32170108,0.63709164,0.01101116,0.04202833,00
0.30653483,0.63654304,0.01154532,0.04588920,00
0.29381156,0.64485407,0.01259241,0.04317595,00
0.20442541,0.64694130,0.01201728,0.06126489,00
0.36165768,0.63610613,0.00995741,0.04669926,00
0.62839770,0.64346522,0.00990719,0.04994293,00

