0.36173978,0.46611980,0.01454200,0.04244142,09
0.39613527,0.53737438,0.01356475,0.04634986,09
0.44451287,0.63414752,0.03210804,0.06727991,07
0.74923700,0.72120154,0.16659032,0.20054108,02
0.66758674,0.66039467,0.04234579,0.07817328,02
0.96359265,0.79361272,0.06989776,0.17397179,02
0.44438633,0.64379859,0.03336661,0.05372775,02
0.16817118,0.64822620,0.05314255,0.05065987,02
0.46595830,0.63433343,0.01726408,0.03520666,02
0.51657677,0.66937697,0.08422966,0.14535974,02
0.34868136,0.63459480,0.01101981,0.04130697,00
0.32104814,0.63655657,0.01171642,0.04072211,00
0.20669746,0.67326987,0.02325762,0.10936721,00
0.30609217,0.63655674,0.01233572,0.04677919,00
0.29341707,0.64267403,0.01415905,0.04779756,00
0.62809891,0.64288163,0.01115813,0.04866302,00
0.28079438,0.64433289,0.01488991,0.05056607,00
0.27283585,0.64603448,0.01483734,0.04906269,00
0.36147436,0.63510591,0.00954738,0.04724149,00

