0.36028668,0.46655098,0.01601386,0.04164559,09
0.44378033,0.63462216,0.03318732,0.06418137,07
0.75075901,0.72368354,0.16870077,0.20071195,02
0.66916144,0.66038591,0.04439754,0.07895672,02
0.96850216,0.79435575,0.06461644,0.16543010,02
0.44321728,0.64481574,0.03473791,0.05276684,02
0.16538960,0.64798355,0.04797121,0.05077384,02
0.51675195,0.66912121,0.08449078,0.14589110,02
0.20502767,0.67286676,0.02330289,0.10941088,00
0.34745562,0.63471454,0.01121249,0.03996342,00
0.32064891,0.63599175,0.01117034,0.04081380,00
0.19262929,0.64552349,0.01316885,0.06187863,00
0.27259389,0.64592212,0.01462753,0.05303825,00
0.30554935,0.63492841,0.00984881,0.04380766,00
0.29542017,0.63606077,0.01130974,0.03734006,00
0.36108148,0.63607836,0.00947824,0.04682405,00

