0.35930100,0.46098498,0.01619292,0.03859931,09
0.51710379,0.66886824,0.06693202,0.16064587,05
0.75378191,0.72232509,0.16545944,0.19779065,02
0.67316741,0.65852493,0.05300826,0.07419439,02
0.97574997,0.79424757,0.04703620,0.17273031,02
0.44401732,0.64443630,0.03591752,0.05578928,02
0.16415764,0.64667606,0.04992939,0.04906136,02
0.04926415,0.65225083,0.05481639,0.06152700,02
0.46636352,0.63234198,0.01688730,0.03561090,02
0.34687781,0.63381708,0.01123798,0.04102339,00
0.20237473,0.67289180,0.02317691,0.10589290,00
0.21616738,0.64583743,0.01266615,0.06050643,00
0.27104950,0.64418346,0.01522860,0.05301351,00
0.29652706,0.63598335,0.01301531,0.04039412,00
0.62761223,0.63619834,0.01211856,0.04465776,00
0.19011910,0.64533520,0.01275519,0.06416282,00
0.32055709,0.63246763,0.00900369,0.03777417,00

