0.35814935,0.45731562,0.01380577,0.03916645,09
0.44317788,0.63364488,0.03417841,0.06753384,07
0.51674348,0.66706872,0.08264166,0.15520540,05
0.75457174,0.72172272,0.16865632,0.20046769,02
0.67692709,0.65897626,0.05470184,0.07912708,02
0.97882742,0.79825920,0.03808809,0.16002351,02
0.44337758,0.64446688,0.03591989,0.05532597,02
0.16178532,0.64576459,0.05134751,0.04948465,02
0.19536535,0.67322701,0.02513079,0.11364907,00
0.34532571,0.63161409,0.01155942,0.03789650,00
0.31904709,0.63383806,0.01266975,0.04167195,00
0.29849768,0.63596320,0.01265864,0.04209547,00
0.26980826,0.64359790,0.01569130,0.05067154,00
0.28648925,0.63775706,0.01371030,0.04592576,00
0.21349156,0.64559770,0.01333642,0.05710711,00
0.62872869,0.63598090,0.00952906,0.04260913,00

