0.35827073,0.45654663,0.01356016,0.04100937,09
0.44267383,0.63521755,0.03463078,0.06447976,07
0.51597100,0.66719395,0.08395302,0.15120660,05
0.75834143,0.72335988,0.17058727,0.19801071,02
0.67936689,0.65979195,0.05454425,0.08039845,02
0.15536480,0.64688516,0.05528830,0.05112098,02
0.44368386,0.64383632,0.03627101,0.05688204,02
0.04256160,0.65132999,0.05585982,0.06273103,02
0.97924536,0.80099154,0.03482375,0.17638983,02
0.19365340,0.67176986,0.02426928,0.11261667,00
0.34554324,0.63201976,0.01060476,0.03929733,00
0.28620791,0.63805109,0.01275702,0.04542720,00
0.26848564,0.64301562,0.01370605,0.05645610,00
0.29895070,0.63538641,0.01141398,0.04311247,00
0.31997398,0.63191998,0.01050748,0.04259439,00
0.62792474,0.64246678,0.01027753,0.05217693,00

