0.35192466,0.45760328,0.02113062,0.03698261,09
0.44256261,0.63472921,0.03444758,0.06440435,07
0.75848657,0.72425503,0.17509441,0.19727007,02
0.68020028,0.65959376,0.05487996,0.07779896,02
0.15573025,0.64513940,0.05294810,0.04871438,02
0.44302964,0.64402622,0.03648184,0.05619983,02
0.03652150,0.65115297,0.05126710,0.06238090,02
0.26896963,0.64285803,0.01381018,0.05598811,00
0.34529459,0.63078898,0.01053886,0.04157026,00
0.19247887,0.67304087,0.02614932,0.11287875,00
0.29824582,0.63495600,0.01196111,0.04201151,00
0.28616607,0.63753444,0.01290078,0.04378555,00

