0.35039809,0.45029745,0.01766519,0.04355301,09
0.76213259,0.72532016,0.18054309,0.20060009,02
0.68963772,0.65875256,0.06224695,0.08269340,02
0.14935504,0.64616752,0.05992051,0.05273199,02
0.44225150,0.64474571,0.03682481,0.05665183,02
0.51653922,0.66935647,0.08516853,0.15143807,02
0.18741083,0.67193222,0.02673895,0.11537140,00
0.29686305,0.63613880,0.01317169,0.05050375,00
0.28343898,0.63677597,0.01329398,0.04198113,00
0.34462166,0.63154471,0.01118823,0.04373680,00
0.26727700,0.64232588,0.01647584,0.05500034,00

