0.35043836,0.44925019,0.01480010,0.04539637,09
0.76497215,0.72284490,0.17981292,0.20525980,02
0.69208181,0.65960735,0.06659798,0.08237059,02
0.14679298,0.64705122,0.05830614,0.05412635,02
0.44088817,0.64660203,0.03769105,0.05183355,02
0.51697147,0.66848272,0.08321686,0.14878494,02
0.18002217,0.67343932,0.02403868,0.12110989,00
0.28210190,0.63704169,0.01371530,0.04266847,00
0.29482239,0.63458019,0.01222597,0.04291911,00
0.25878820,0.64542896,0.01328690,0.05343658,00
0.66098922,0.63326430,0.01188970,0.04258059,00
0.34082547,0.63225472,0.01165877,0.04197416,00

