0.34878492,0.44974956,0.01512662,0.04047798,09
0.76276112,0.72456765,0.18373968,0.20184454,02
0.69268936,0.65835667,0.06420220,0.08058914,02
0.44037828,0.64634895,0.03720156,0.05297615,02
0.14939132,0.64868790,0.06915107,0.05420494,02
0.51509762,0.66910446,0.08419767,0.14720683,02
0.17905268,0.67416638,0.02247890,0.12402896,00
0.29518360,0.63709700,0.01274549,0.04598286,00
0.28238934,0.63718581,0.01222757,0.04172464,00
0.25934428,0.64769065,0.01426729,0.05132894,00
0.63578105,0.64352763,0.00999833,0.04769700,00
0.26440546,0.64488643,0.01512995,0.05781974,00

