0.34674877,0.45041612,0.01538758,0.04303861,09
0.25300986,0.52625257,0.00913516,0.02371749,09
0.44038716,0.63419807,0.03462588,0.07090063,07
0.76825416,0.72534758,0.18701865,0.19879128,02
0.69237304,0.65915561,0.05814211,0.08183501,02
0.13892826,0.65155959,0.06849723,0.05736963,02
0.44062519,0.64672166,0.03844969,0.05580559,02
0.51526755,0.67002791,0.08641120,0.14511982,02
0.17469840,0.67615920,0.02335848,0.12018363,00
0.29418409,0.63726676,0.01216114,0.04805157,00
0.31101617,0.63694870,0.01111515,0.04126993,00
0.25731000,0.64805138,0.01389713,0.05509710,00
0.28014839,0.64363396,0.01217679,0.04632328,00
0.33812901,0.63690102,0.01111828,0.03712606,00

