0.34619325,0.45076028,0.01597246,0.04384192,09
0.51609176,0.67459202,0.08687659,0.15000474,05
0.76936060,0.72505254,0.18655331,0.20620970,02
0.69391453,0.66050768,0.05736285,0.08004772,02
0.13746254,0.65289962,0.06802633,0.05931977,02
0.44039878,0.65019327,0.03870905,0.05106983,02
0.51528937,0.68972325,0.09218511,0.16665612,02
0.16975132,0.67817545,0.02147997,0.12312227,00
0.19408718,0.65541756,0.01687379,0.05000481,00
0.25650048,0.65128058,0.01591564,0.05165988,00
0.31054440,0.63764709,0.01197212,0.04258417,00
0.29429504,0.63757241,0.01185253,0.04989197,00
0.27989206,0.64544576,0.01243933,0.04415232,00
0.63829201,0.64473605,0.01069878,0.04801558,00
0.33827820,0.63707846,0.01102764,0.03922362,00

