0.34580970,0.45078704,0.01481831,0.04675904,09
0.51690257,0.67557126,0.08745473,0.15289827,05
0.77496046,0.73888808,0.19167396,0.21647336,02
0.70249486,0.65938222,0.06516260,0.07745127,02
0.44041589,0.65524954,0.03860025,0.04897409,02
0.51576757,0.69001722,0.09315900,0.16785212,02
0.13817087,0.65282714,0.06853311,0.06220478,02
0.16558003,0.68156236,0.02170503,0.12688655,00
0.27913108,0.64687192,0.01264780,0.04565957,00
0.25568381,0.65287471,0.01522922,0.05801950,00
0.63854408,0.64479244,0.01082772,0.04909759,00
0.31033170,0.63741845,0.01149933,0.04147850,00
0.29340684,0.63737613,0.01174978,0.04847558,00
0.19222832,0.65586573,0.01611354,0.05278989,00
0.33844626,0.64320016,0.01129185,0.04622937,00

