0.34470779,0.44938979,0.01385659,0.04800881,09
0.39121413,0.53785682,0.01462881,0.05132110,09
0.33881781,0.44871446,0.01599987,0.04825794,09
0.51721501,0.67528903,0.08486061,0.15398252,05
0.77565229,0.73968017,0.19368695,0.23112945,02
0.70335329,0.66010612,0.06434423,0.07273814,02
0.51615250,0.68969762,0.08982968,0.16519187,02
0.43923306,0.65384835,0.03863028,0.05490205,02
0.12795748,0.65370345,0.06354215,0.06007561,02
0.18796016,0.65561897,0.01428717,0.06316230,00
0.27495626,0.64734626,0.01136847,0.04866426,00
0.16163246,0.68020809,0.02135089,0.12270850,00
0.25345588,0.65216404,0.01226027,0.05473539,00
0.24654193,0.65545732,0.01240956,0.05617856,00

