0.34467471,0.44724697,0.01305944,0.04622509,09
0.33743510,0.44579521,0.01485177,0.04924226,09
0.39093491,0.53664362,0.01363586,0.04776003,09
0.77960509,0.74085844,0.19527765,0.22850883,02
0.70292807,0.66093606,0.05973049,0.07574978,02
0.51562071,0.68943894,0.08920021,0.16244470,02
0.43863049,0.65344542,0.03699744,0.05398269,02
0.15616639,0.68278790,0.02193151,0.13342656,00
0.27394003,0.64933980,0.01063301,0.04409944,00
0.63891852,0.64553022,0.01157426,0.04692025,00
0.24631149,0.65593797,0.01276974,0.05595871,00
0.18645900,0.65417427,0.01409931,0.05927298,00
0.33671647,0.64425635,0.00987709,0.04023687,00

