0.33833259,0.44647041,0.01529484,0.04420053,09
0.39060700,0.53667849,0.01442564,0.04705977,09
0.78087783,0.73976529,0.19296335,0.23037761,02
0.70090699,0.66155195,0.05298876,0.07446638,02
0.43908948,0.65292954,0.03738888,0.05777621,02
0.51532060,0.68967479,0.08999995,0.16285390,02
0.12579478,0.65469563,0.06418478,0.06314151,02
0.27281544,0.65092385,0.00915401,0.04301901,00
0.33616197,0.64440662,0.01025249,0.04258552,00
0.24625500,0.65648103,0.01257002,0.05452892,00
0.28703094,0.64621013,0.01049364,0.04648159,00
0.15267079,0.68056172,0.02086021,0.10918252,00
0.18181077,0.65689093,0.01974870,0.06434903,00
0.63990891,0.64434904,0.01244211,0.05082627,00

