0.33686084,0.44566911,0.01795609,0.04366361,09
0.78485811,0.74213958,0.19935289,0.22691409,02
0.70673752,0.66193724,0.05467328,0.08139955,02
0.51573157,0.68975425,0.09437551,0.17036188,02
0.12267680,0.65511382,0.06041035,0.05908963,02
0.43700308,0.64900815,0.03793491,0.06741538,02
0.14780089,0.69011521,0.02267749,0.13645761,00
0.33411303,0.64449573,0.01129604,0.05047081,00
0.30520615,0.64652395,0.01183439,0.04811319,00
0.28674117,0.64535934,0.01062892,0.04861113,00
0.27027521,0.64787412,0.01129462,0.04147954,00
0.24303316,0.65495813,0.01885732,0.07311480,00
0.17895384,0.65658230,0.01775688,0.05306951,00
0.66868043,0.64810508,0.01168174,0.04763526,00
0.37403432,0.63630903,0.00767521,0.03387024,00
0.64119285,0.64510566,0.01162146,0.04935391,00

