0.33562398,0.44359624,0.01459888,0.04591010,09
0.79355550,0.74141294,0.19574171,0.24335781,02
0.71388555,0.66036534,0.06003842,0.07753185,02
0.51558447,0.68964076,0.09247810,0.16360679,02
0.11328541,0.65902442,0.05345095,0.06246660,02
0.43607441,0.64964312,0.03799134,0.07023837,02
0.28422034,0.64535207,0.01212563,0.05537941,00
0.26892793,0.64723164,0.01115472,0.04893113,00
0.14039981,0.69302261,0.02205673,0.12560970,00
0.33215997,0.64591223,0.01040521,0.04386277,00
0.24271221,0.65397352,0.01799966,0.07447664,00
0.66786212,0.64778024,0.01094456,0.04776675,00
0.17638597,0.65650743,0.01682942,0.05766879,00
0.64047670,0.64615887,0.01162134,0.05085351,00
0.34974131,0.65162027,0.01003771,0.04140877,00

