0.33306453,0.44222018,0.01393692,0.04668391,09
0.79332489,0.74039239,0.19702777,0.24574171,02
0.71595424,0.66017705,0.06145762,0.08376118,02
0.51499212,0.68986827,0.09231178,0.16564733,02
0.43574214,0.64997417,0.03781775,0.06732260,02
0.13736229,0.69193065,0.02219433,0.13812990,00
0.26615888,0.64919579,0.01170255,0.04675952,00
0.28278035,0.64642555,0.01172379,0.04672174,00
0.66795057,0.64570206,0.01069251,0.05187330,00
0.24172755,0.65765816,0.01286622,0.05610707,00
0.33211342,0.64353985,0.01072798,0.04835897,00
0.64010525,0.64526027,0.01170512,0.05044131,00
0.34975058,0.64998299,0.01036109,0.04880599,00
0.17404650,0.65734440,0.01572057,0.05837032,00

