0.33217868,0.44044635,0.01160412,0.04606043,09
0.32414311,0.43916339,0.01344093,0.04632394,09
0.79548109,0.74143910,0.20212081,0.24356338,02
0.71812171,0.65979189,0.06004090,0.08426466,02
0.51556528,0.68942201,0.09144063,0.16198663,02
0.11153128,0.65992606,0.05490582,0.06192873,02
0.43540573,0.65330166,0.03774545,0.05991065,02
0.28242958,0.64440769,0.01253337,0.04905129,00
0.26551482,0.64950550,0.01200480,0.04407246,00
0.66842306,0.64703065,0.00959577,0.04687964,00
0.33218390,0.64395505,0.00985272,0.04360154,00
0.17270958,0.65800220,0.01512202,0.06212019,00
0.63992769,0.64487988,0.01106745,0.05042846,00
0.23955946,0.65772223,0.01434254,0.05262916,00
0.67900258,0.65017301,0.01095834,0.04851455,00
0.13053523,0.69531769,0.01866120,0.12384076,00

