0.32367116,0.43598139,0.01456807,0.05323988,09
0.33181691,0.43823466,0.01102196,0.05013932,09
0.79851538,0.74507582,0.20733254,0.25107056,02
0.71881217,0.66017920,0.05231677,0.08133459,02
0.51580930,0.69000167,0.09408648,0.16558729,02
0.43534234,0.65222555,0.03937206,0.06243439,02
0.10936067,0.65810239,0.05903374,0.06005367,02
0.28133091,0.64590639,0.01245588,0.05139451,00
0.12666149,0.69567394,0.02265779,0.14155775,00
0.68626404,0.64838684,0.01283472,0.06528103,00
0.26422241,0.65185750,0.01109074,0.04511670,00
0.33138242,0.64558429,0.00998966,0.04706850,00
0.30001956,0.64384693,0.01205717,0.05518002,00
0.16650505,0.66024184,0.02015193,0.06509855,00
0.23922569,0.65971380,0.01365247,0.05844901,00
0.64045352,0.64424634,0.01033651,0.05093984,00
0.67459947,0.65005296,0.01102633,0.05075649,00
0.66988969,0.64697629,0.01119295,0.05121576,00

