0.32354710,0.43467966,0.01668132,0.05208814,09
0.22987020,0.52824920,0.01036626,0.03377737,09
0.43326488,0.64830315,0.04081493,0.07195275,07
0.80132943,0.74566436,0.20999180,0.24862874,02
0.72767782,0.65917557,0.06580721,0.08157152,02
0.51509744,0.69034588,0.09539516,0.17228782,02
0.10059951,0.65947354,0.05183367,0.06110720,02
0.43502748,0.65206224,0.04263436,0.06571302,02
0.27888256,0.64555913,0.01309011,0.05101960,00
0.12097502,0.69524926,0.02259260,0.13456857,00
0.29882482,0.64428097,0.01165077,0.05152743,00
0.16447394,0.65805274,0.01560173,0.06042418,00
0.26215896,0.64813936,0.01208724,0.04711682,00
0.33072272,0.64455998,0.01106490,0.04924041,00
0.68700010,0.65254748,0.01130616,0.05607926,00
0.23354377,0.65936929,0.01358750,0.05767789,00
0.67508328,0.65151447,0.01086594,0.05360224,00
0.13472244,0.65770537,0.01514391,0.06378685,00
0.64079702,0.64371377,0.01137071,0.05353459,00

