0.32294038,0.43288350,0.01743311,0.04953970,09
0.23090282,0.52786946,0.01011491,0.02616868,09
0.80367583,0.74471235,0.20892727,0.25094053,02
0.72904378,0.65888643,0.06283110,0.08036427,02
0.51558685,0.69010508,0.09478801,0.16846387,02
0.43482229,0.65534264,0.04341596,0.05915038,02
0.09731843,0.65751207,0.04780339,0.05594177,02
0.11428188,0.69649315,0.02244102,0.13537782,00
0.27844319,0.64545733,0.01336169,0.05637195,00
0.26158503,0.64905965,0.01339815,0.04877716,00
0.68778324,0.65024662,0.01273771,0.05699480,00
0.16192138,0.66097695,0.01959989,0.06630347,00
0.67406607,0.65039784,0.01129933,0.05707952,00
0.29755086,0.64364773,0.01164929,0.05351043,00
0.33060974,0.64468741,0.01073010,0.04955105,00
0.64019394,0.64397001,0.01120958,0.05623086,00

