0.32216984,0.42673665,0.01764036,0.05281056,09
0.22814332,0.52680641,0.01064544,0.03005459,09
0.81216466,0.74821335,0.21416558,0.25987518,02
0.51593691,0.69006300,0.09619898,0.16952205,02
0.73201162,0.65737838,0.05827698,0.08013902,02
0.43483940,0.65609914,0.04315075,0.05578518,02
0.10896626,0.69812608,0.02506902,0.14836049,00
0.29540569,0.64455438,0.01245887,0.05254863,00
0.25966474,0.64840448,0.01262918,0.04454028,00
0.67480928,0.65025645,0.01175820,0.05239967,00
0.64205956,0.64461976,0.01140567,0.05731212,00
0.15548113,0.66050190,0.02234952,0.06846061,00
0.68970937,0.65149647,0.01233273,0.05085069,00
0.23013993,0.65978396,0.01456669,0.05713565,00
0.32714012,0.64348710,0.01108470,0.05268279,00
0.27793005,0.64513910,0.01250908,0.05062470,00
0.12789869,0.65964228,0.01798554,0.07942965,00

