0.32033244,0.42505333,0.01768714,0.05153804,09
0.22669312,0.51968217,0.01003058,0.03388653,09
0.43077800,0.63445956,0.04342915,0.07638227,07
0.51624238,0.67898732,0.08952381,0.15670866,05
0.81327355,0.74664700,0.21567149,0.25430697,02
0.73176616,0.65825826,0.05156270,0.07781558,02
0.51564407,0.69000912,0.09196075,0.16699019,02
0.43498391,0.65314913,0.04481074,0.06196193,02
0.08231778,0.65780258,0.03076698,0.05980114,02
0.10210977,0.69926786,0.02435695,0.16135816,00
0.25743386,0.64823014,0.01275935,0.04647758,00
0.29397362,0.64486015,0.01217625,0.05237576,00
0.32513049,0.64411926,0.01158290,0.05070085,00
0.67606783,0.64871222,0.01124732,0.05686452,00
0.27487484,0.64385664,0.01307513,0.05940623,00
0.64261073,0.64311254,0.01109737,0.05935868,00
0.15319017,0.65989894,0.02197529,0.06613784,00
0.68998790,0.65221059,0.01208973,0.05406474,00
0.12436161,0.66086292,0.01839529,0.07824218,00
0.34328213,0.65213525,0.01311180,0.04875325,00

