0.31906560,0.42055529,0.01556014,0.04892264,09
0.51646906,0.67692387,0.08697047,0.15557864,05
0.81556672,0.74583459,0.21978292,0.25244489,02
0.74403620,0.65537274,0.06604466,0.08603603,02
0.43222103,0.65205592,0.04334919,0.06208433,02
0.51547772,0.68988156,0.09155165,0.16740131,02
0.03076696,0.67027998,0.04072070,0.05535861,02
0.09553494,0.69644779,0.03619318,0.15816690,00
0.29357252,0.64355630,0.01202919,0.05729123,00
0.25666076,0.64615971,0.01249986,0.04855860,00
0.27418998,0.64322358,0.01212557,0.06226378,00
0.12088007,0.65866101,0.01843049,0.08097173,00
0.32552600,0.64322972,0.01166485,0.05407197,00
0.15097916,0.66028774,0.02113688,0.06819337,00
0.64226699,0.64297634,0.01110731,0.06383143,00
0.67690349,0.64729822,0.01112388,0.05304862,00

