0.31285438,0.41845879,0.01766709,0.04944680,09
0.82128793,0.74381429,0.22885641,0.25265726,02
0.43245372,0.65357441,0.04391543,0.06004477,02
0.74494624,0.65075004,0.05933556,0.07750247,02
0.51555294,0.68954432,0.09241670,0.16482037,02
0.08924419,0.69918221,0.02442536,0.15490308,00
0.29271105,0.64467669,0.01288969,0.05947310,00
0.11563355,0.65922093,0.01824233,0.08220348,00
0.27285245,0.64380229,0.01267906,0.06109542,00
0.32396281,0.64374274,0.01164167,0.05212998,00
0.25526336,0.64504099,0.01205369,0.04957245,00
0.14690387,0.65937591,0.02430360,0.06189566,00
0.69217002,0.65290779,0.01236123,0.05859560,00
0.67861992,0.64684117,0.01157183,0.05118875,00

