0.31111905,0.41253358,0.01690023,0.05296003,09
0.21826898,0.51656741,0.00985585,0.03345324,09
0.42899030,0.63536024,0.04741109,0.08140772,07
0.82401454,0.74337536,0.23194541,0.26265553,02
0.51717615,0.67682129,0.08806829,0.15017624,02
0.75420427,0.64966106,0.06414906,0.07443542,02
0.43096739,0.64680243,0.04492944,0.06879362,02
0.08113852,0.69820440,0.03148232,0.15824340,00
0.11168388,0.65863341,0.01925186,0.08587986,00
0.29122293,0.64453465,0.01495521,0.06479424,00
0.27010962,0.64326572,0.01392427,0.05758153,00
0.14151679,0.65839773,0.02231731,0.06365552,00
0.32280686,0.63767195,0.01222154,0.04720948,00
0.25204268,0.64735222,0.01344487,0.04881133,00
0.67962813,0.64477903,0.01207471,0.04828550,00

