0.30928186,0.40352875,0.01752148,0.05519843,09
0.21768661,0.51453841,0.00971999,0.03448584,09
0.42916921,0.63388366,0.04696466,0.07316433,07
0.82632500,0.74200243,0.23630354,0.25043654,02
0.75497913,0.64761031,0.05917006,0.07730964,02
0.51632077,0.67235667,0.08846918,0.15153675,02
0.43112314,0.64803296,0.04359354,0.06175068,02
0.01979064,0.65873289,0.04144767,0.07219946,02
0.07694381,0.69476253,0.03200190,0.16859628,00
0.10998005,0.65704811,0.01781552,0.08894616,00
0.27040118,0.63842070,0.01453996,0.06022397,00
0.25195554,0.64418560,0.01361925,0.04876159,00
0.64864367,0.63410252,0.01263844,0.04994587,00
0.32271314,0.63685292,0.01109786,0.04251408,00
0.14148606,0.65625030,0.02216226,0.06679270,00
0.67875296,0.64278656,0.01177349,0.05668475,00
0.29235831,0.64222848,0.01356066,0.05778300,00
0.69411391,0.64442682,0.01217324,0.06220786,00

