0.30726597,0.39919576,0.01623416,0.05189639,09
0.21434744,0.51152146,0.01018988,0.03446046,09
0.82982934,0.74012864,0.24349263,0.24933000,02
0.42894885,0.64966440,0.04433743,0.05847983,02
0.75771809,0.64704573,0.05636213,0.08077846,02
0.01923924,0.65921783,0.03922149,0.06436850,02
0.51734775,0.67137218,0.08621985,0.15650594,02
0.07044763,0.69602448,0.03301136,0.16748677,00
0.26908609,0.63763958,0.01449765,0.06192274,00
0.32167616,0.63647586,0.01158271,0.04980748,00
0.10317695,0.65397042,0.01563542,0.09086569,00
0.64872724,0.63245767,0.01219585,0.04960506,00
0.13767660,0.65460008,0.02487969,0.06817950,00
0.29263493,0.63748544,0.01298328,0.05445900,00
0.24921721,0.64296627,0.01231635,0.05698264,00
0.21550944,0.65045834,0.02098355,0.07730995,00
0.68029642,0.63675225,0.01281197,0.05094812,00

