0.30678913,0.39379627,0.01311488,0.05138642,09
0.29555580,0.39594957,0.01361927,0.05024468,09
0.83421719,0.74083912,0.24435742,0.25384626,02
0.42783216,0.64940691,0.04551762,0.05611068,02
0.76627964,0.64830667,0.06135909,0.07807034,02
0.51701909,0.66997468,0.08831413,0.15490040,02
0.09863956,0.65561324,0.02014600,0.09225995,00
0.06006861,0.69609129,0.03058730,0.16301034,00
0.68040282,0.63522547,0.01320116,0.05679021,00
0.26669085,0.63622499,0.01412297,0.06625912,00
0.28646529,0.63748008,0.01361088,0.05318726,00
0.64871621,0.63144249,0.01324572,0.05400213,00
0.32006916,0.63567269,0.01134298,0.04758505,00
0.24789634,0.64239705,0.01181625,0.05825239,00
0.12964593,0.65170890,0.02492727,0.07077508,00

