0.29877988,0.38902184,0.02431255,0.06964891,09
0.83661848,0.73938054,0.25079036,0.26225853,02
0.42760503,0.64735168,0.04321919,0.05580827,02
0.51664627,0.66645437,0.08710370,0.15684210,02
0.76723897,0.63506144,0.06048205,0.06668746,02
0.09451596,0.65185583,0.02095156,0.09192791,00
0.05450754,0.69225824,0.03025297,0.15705381,00
0.31945118,0.63069344,0.01149528,0.05296515,00
0.24598470,0.63577193,0.01301011,0.05726695,00
0.26650167,0.63190728,0.01349542,0.05991910,00
0.28596878,0.63346434,0.01342230,0.04584665,00
0.64933610,0.62900734,0.01244458,0.05250883,00
0.12766755,0.64912540,0.02441350,0.07250933,00
0.68076533,0.63486457,0.01269369,0.05608797,00
0.71503311,0.63274908,0.01163037,0.06289881,00
0.70459557,0.63179213,0.01129086,0.06752003,00

