0.30014411,0.38838893,0.01516862,0.05751849,09
0.83654010,0.73852974,0.25165299,0.25589177,02
0.42760062,0.64761841,0.04451979,0.05405366,02
0.08612191,0.65252030,0.06126395,0.06600375,02
0.77176321,0.63383549,0.05816564,0.07209262,02
0.51684809,0.66559368,0.08564939,0.15453528,02
0.04866563,0.69152486,0.02602388,0.15761565,00
0.32021052,0.63416499,0.01078235,0.05089254,00
0.26582727,0.63456893,0.01330599,0.05928908,00
0.24536268,0.63735807,0.01251942,0.04990362,00
0.08931907,0.65396118,0.01742614,0.09703159,00
0.68129510,0.63608307,0.01261572,0.05466327,00
0.64866590,0.63140196,0.01247269,0.05500504,00
0.20805337,0.64798778,0.02141694,0.07404051,00
0.12707515,0.65217435,0.02498481,0.07086053,00
0.28577599,0.63404250,0.01270429,0.04327047,00
0.70189935,0.63401234,0.01214861,0.06725080,00

