0.20719787,0.50594068,0.01135625,0.02855176,09
0.29871073,0.38072860,0.01358705,0.06111173,09
0.54422188,0.60545886,0.04285657,0.08676426,05
0.51696855,0.66422969,0.08709504,0.15779066,05
0.83910227,0.74201292,0.25696510,0.26901630,02
0.42727053,0.64620763,0.04449416,0.05865555,02
0.08359341,0.65272301,0.06020731,0.06796533,02
0.77242744,0.63588947,0.05030167,0.05986017,02
0.24422920,0.63648057,0.01326507,0.05335305,00
0.08508656,0.65634006,0.02093284,0.09178151,00
0.65059847,0.63377863,0.01165622,0.05802501,00
0.20519489,0.64833683,0.02236161,0.07561198,00
0.28388283,0.63329268,0.01256954,0.04588722,00
0.31901431,0.63154715,0.01108131,0.05122537,00
0.26529145,0.63453239,0.01350453,0.06153923,00
0.04125937,0.69247890,0.03404257,0.15529922,00
0.12323376,0.65316063,0.02671653,0.06785194,00
0.68227500,0.63640463,0.01244877,0.05392681,00

