0.29291108,0.37774625,0.02195732,0.07160522,09
0.20530440,0.50424349,0.01096835,0.02986602,09
0.51689422,0.66625822,0.08619445,0.15574902,05
0.85040706,0.74165738,0.25947756,0.28431225,02
0.42614943,0.64768070,0.04422228,0.05804240,02
0.07340672,0.65232557,0.06046093,0.07248656,02
0.78215802,0.63284677,0.05282919,0.06715497,02
0.02939071,0.69467622,0.03358481,0.15808262,00
0.24188022,0.63688362,0.01418690,0.05650475,00
0.65126157,0.63376719,0.01147954,0.05725546,00
0.25917998,0.63687152,0.01425692,0.06063473,00
0.28267330,0.63310117,0.01281969,0.04545119,00
0.07671894,0.65506178,0.02074611,0.09668700,00
0.31777412,0.63404608,0.01104454,0.05534076,00
0.20251559,0.64871323,0.02099643,0.07974818,00
0.68201905,0.63618082,0.01109758,0.05266760,00
0.11495476,0.65262640,0.02567229,0.07508260,00

