0.29329583,0.37512121,0.01610390,0.05261187,09
0.28714362,0.37354389,0.02597983,0.06824581,09
0.85039723,0.74128044,0.25795650,0.28610158,02
0.42535231,0.64576197,0.04544626,0.06183264,02
0.07136829,0.65049404,0.06073406,0.07065564,02
0.51623136,0.66293555,0.08686694,0.15941411,02
0.78362143,0.63234240,0.05115664,0.06440680,02
0.02352450,0.69157678,0.03350175,0.15641901,00
0.24112628,0.63526255,0.01369484,0.05439029,00
0.25891504,0.63535058,0.01460149,0.05819497,00
0.07308212,0.65323108,0.01986578,0.09622103,00
0.65073806,0.63217086,0.01049682,0.05530210,00
0.28283188,0.63243306,0.01377176,0.04891867,00
0.70079619,0.64511722,0.01461633,0.05256986,00
0.31771746,0.63039827,0.01061704,0.04607579,00
0.68234575,0.63570046,0.01192531,0.04982969,00
0.11406293,0.64952743,0.02445721,0.07314339,00
0.71753138,0.64683264,0.01069610,0.04990587,00

