0.28540078,0.37169415,0.02443498,0.06534722,09
0.85242552,0.74126500,0.26445919,0.27959940,02
0.42439109,0.64854246,0.04640435,0.05589714,02
0.07030130,0.65245903,0.06695163,0.06685034,02
0.51648861,0.66430020,0.08748953,0.15808858,02
0.79219395,0.62815756,0.05386280,0.05737519,02
0.25676996,0.63786322,0.01419565,0.06480730,00
0.01520645,0.69406623,0.02947324,0.17204471,00
0.19207038,0.64956212,0.02169001,0.07750701,00
0.65348750,0.63211548,0.01040833,0.05587858,00
0.06896888,0.65521252,0.01997855,0.09450220,00
0.28086993,0.63308811,0.01269859,0.04670649,00
0.23990902,0.63574678,0.01246491,0.05845771,00
0.31390050,0.63476473,0.01225160,0.04451541,00
0.70459312,0.63401401,0.01258205,0.06250339,00

