0.28183857,0.36961430,0.02474762,0.06950043,09
0.51637143,0.66240692,0.08992720,0.16185237,05
0.86270702,0.74229479,0.25496492,0.28406668,02
0.42416754,0.64745170,0.04654364,0.06100896,02
0.05868962,0.65053928,0.06575564,0.07060631,02
0.79559231,0.62831068,0.04729510,0.05288075,02
0.19071212,0.64666283,0.02395437,0.07523026,00
0.25478801,0.63549548,0.01567944,0.06141677,00
0.27921274,0.63358331,0.01439925,0.05744940,00
0.31301266,0.63212556,0.01236410,0.04691721,00
0.06192562,0.65393722,0.02025716,0.09599457,00
0.00910928,0.69545537,0.01845184,0.17387316,00
0.23452902,0.63506293,0.01289549,0.05538230,00
0.65379703,0.63167036,0.01066809,0.05397373,00
0.10166655,0.64820069,0.02148130,0.08136258,00
0.70606488,0.63490695,0.01219691,0.06083354,00

