0.28047806,0.36298499,0.02336989,0.06312811,09
0.86484259,0.74160033,0.25658280,0.28641132,02
0.42287752,0.64597404,0.04750203,0.06228000,02
0.05744824,0.64922571,0.06223994,0.06433141,02
0.51632673,0.66012812,0.08814282,0.16368209,02
0.27869043,0.63225389,0.01467931,0.06136047,00
0.05832598,0.65372878,0.01836680,0.09208064,00
0.25510114,0.63052374,0.01552428,0.06145438,00
0.31244972,0.63076025,0.01265320,0.04787731,00
0.23440416,0.63521826,0.01327567,0.05805053,00
0.65365940,0.63134193,0.01070381,0.06194340,00
0.00643004,0.67944574,0.01347510,0.19580755,00
0.18820523,0.64486557,0.02393714,0.07390702,00
0.68809861,0.63332194,0.01359997,0.05864545,00
0.29626939,0.62878948,0.01086834,0.04864263,00
0.70493299,0.63599753,0.01423224,0.06230199,00
0.71851301,0.63251126,0.01111607,0.06576347,00

