0.19307595,0.49448055,0.01189899,0.04024543,09
0.27337351,0.35149020,0.02504506,0.07284711,09
0.28031081,0.35619730,0.01501786,0.05784571,09
0.41463792,0.49408707,0.01299469,0.05481823,09
0.51635408,0.65892386,0.08775385,0.16329996,05
0.86684459,0.74134392,0.25536561,0.27982166,02
0.42251626,0.64649338,0.04707288,0.06183745,02
0.05649417,0.64928514,0.06982384,0.06091118,02
0.31200042,0.63276571,0.01261890,0.05072401,00
0.23307243,0.63641614,0.01465369,0.05737535,00
0.25345626,0.63415927,0.01784210,0.06508982,00
0.27856681,0.63384366,0.01458146,0.06223712,00
0.05449594,0.65211123,0.01912996,0.09596082,00
0.65483141,0.63179117,0.01079514,0.05915622,00
0.18009183,0.64365399,0.01973369,0.08186817,00
0.19331969,0.64550096,0.02172530,0.07846057,00
0.29624698,0.63129205,0.01063129,0.04560376,00

