0.18987453,0.49379349,0.01057320,0.03787554,09
0.25873145,0.35138604,0.01342474,0.05448499,09
0.41446981,0.49132261,0.01376770,0.05511415,09
0.27191457,0.34887072,0.02446167,0.07138783,09
0.51703250,0.65901566,0.08692689,0.16555965,05
0.87207663,0.74289179,0.26440188,0.27813655,02
0.42242828,0.64875233,0.04878879,0.06190490,02
0.04659169,0.64960694,0.06946007,0.06444681,02
0.98170340,0.67705846,0.03712735,0.14737228,02
0.31037700,0.63480061,0.01281093,0.05673563,00
0.23101114,0.63673073,0.01376649,0.06034623,00
0.04506033,0.65551555,0.01799107,0.09468153,00
0.17822626,0.64589971,0.01875684,0.07817882,00
0.65522903,0.63076085,0.01240624,0.06296775,00
0.27472511,0.63156277,0.01373056,0.05106556,00
0.25170624,0.63526976,0.01620432,0.06435795,00
0.19214821,0.64792818,0.01953552,0.08118474,00
0.08745039,0.65191764,0.02136831,0.08064609,00
0.70791429,0.64694458,0.01383271,0.05823321,00
0.66132659,0.63182068,0.01107715,0.05322549,00
0.35756618,0.62652403,0.00822655,0.03544337,00

