0.26893243,0.34778589,0.02536638,0.06910494,09
0.18965741,0.49184409,0.01043620,0.04497527,09
0.51629949,0.65744460,0.08669826,0.16654369,05
0.87484562,0.74335015,0.25811389,0.28364238,02
0.42192388,0.64684999,0.04770446,0.06281214,02
0.23069309,0.63563579,0.01452822,0.06574658,00
0.30957285,0.63140029,0.01312927,0.05057783,00
0.04145546,0.65204459,0.02119634,0.10805502,00
0.65553826,0.63263565,0.01201561,0.06751548,00
0.27372417,0.63345873,0.01372516,0.05901552,00
0.24715926,0.63314176,0.01662665,0.06682047,00
0.17615782,0.64416689,0.02003442,0.07780524,00
0.69267821,0.63404280,0.01408918,0.05830416,00
0.18885948,0.64604270,0.02171704,0.08328437,00
0.08145628,0.65263391,0.02134386,0.08743505,00
0.70742357,0.63731837,0.01984806,0.06983384,00
0.32618734,0.63541842,0.01271130,0.04975482,00

