0.26831222,0.34389293,0.01583983,0.05743672,09
0.18590307,0.49165130,0.00973773,0.04016803,09
0.51474452,0.65548891,0.08917694,0.16300747,05
0.87497491,0.74403769,0.25785732,0.28163296,02
0.41960180,0.64429224,0.04924166,0.06525613,02
0.04295885,0.64905149,0.05775667,0.06308428,02
0.03636222,0.65175897,0.02361273,0.09782520,00
0.30857402,0.62991971,0.01165263,0.05057423,00
0.22909528,0.63559395,0.01444951,0.05461889,00
0.08014829,0.64930570,0.02113680,0.09045789,00
0.27277079,0.63176996,0.01205281,0.05542388,00
0.65568489,0.63101125,0.01162895,0.06450670,00
0.69345355,0.63323766,0.01459089,0.05626321,00
0.24686021,0.62950432,0.01551233,0.05749523,00
0.18870766,0.64666235,0.01974187,0.07688653,00
0.29254562,0.63010651,0.00879665,0.04485571,00
0.17409179,0.64380515,0.01769344,0.07218773,00
0.71728885,0.63144785,0.01258316,0.06726421,00

