0.26000524,0.33955336,0.02684696,0.06574047,09
0.51449585,0.65219724,0.08873752,0.16368259,05
0.88086039,0.74054742,0.25623310,0.28190538,02
0.42181596,0.64521056,0.04524045,0.06246673,02
0.22661239,0.63414359,0.01496728,0.05926571,00
0.30780432,0.62972182,0.01150382,0.05298910,00
0.24563055,0.63145423,0.01328210,0.05747423,00
0.69285655,0.63054222,0.01280554,0.06059358,00
0.07198123,0.65022475,0.01987410,0.08690938,00
0.27087674,0.62860131,0.01293483,0.05089349,00
0.16579002,0.64354241,0.01807005,0.08082528,00
0.02902224,0.64857101,0.01864108,0.09665895,00
0.65655345,0.62791950,0.01273641,0.06049573,00
0.18588674,0.64983302,0.01921964,0.07602308,00
0.71623516,0.63472760,0.01347176,0.06155023,00

