0.25767118,0.32929224,0.02542256,0.07167666,09
0.18210571,0.49283853,0.00983458,0.02806198,09
0.51513869,0.65095216,0.08795101,0.16626725,05
0.41966632,0.64534593,0.04771591,0.06207831,02
0.88308764,0.74117088,0.25428388,0.28932643,02
0.03036286,0.64526635,0.06070806,0.07000473,02
0.38834295,0.64439368,0.02825488,0.04012427,02
0.30660847,0.62839466,0.01069945,0.05088840,00
0.27009675,0.62881345,0.01208554,0.05331147,00
0.22523135,0.63247931,0.01430837,0.06033400,00
0.24382448,0.62770033,0.01407510,0.06311667,00
0.06767216,0.64828032,0.02032428,0.09383398,00
0.16313182,0.63778591,0.01831499,0.09350242,00
0.02028609,0.64934486,0.02390151,0.09376117,00
0.69348592,0.62971991,0.01281176,0.05537239,00
0.65996444,0.62657475,0.01159561,0.05760016,00
0.32177410,0.63317156,0.01051281,0.05218403,00
0.18175893,0.64776576,0.01886215,0.07856078,00
0.71623492,0.63292056,0.01244559,0.06226063,00

