0.25486186,0.32492268,0.02340264,0.07319137,09
0.17811763,0.48993352,0.01003465,0.03750770,09
0.51610601,0.65208900,0.08741184,0.16256806,05
0.88259679,0.74179202,0.24841648,0.27624819,02
0.41918847,0.64650196,0.04880410,0.06159988,02
0.30657628,0.63270074,0.01153776,0.04910811,00
0.01635059,0.65118921,0.02156885,0.10275383,00
0.26953441,0.62989008,0.01228908,0.05016072,00
0.24348387,0.63272065,0.01340621,0.06255335,00
0.16071907,0.64265406,0.01752092,0.08483604,00
0.06215091,0.65023625,0.02011523,0.08902267,00
0.18145294,0.64838630,0.01910556,0.08043273,00
0.65995038,0.62792051,0.01205397,0.06054365,00
0.22197665,0.63453311,0.01275438,0.06122791,00
0.71663016,0.63639593,0.01700599,0.07376764,00
0.73060429,0.63010037,0.01287109,0.06890199,00
0.32143569,0.63589615,0.01158151,0.05145131,00

