0.25332740,0.32165819,0.02301654,0.07369195,09
0.17616433,0.49082267,0.01219895,0.03147904,09
0.51665705,0.65232778,0.08738881,0.15745261,05
0.88440853,0.74516255,0.24310802,0.27344236,02
0.41887215,0.64857173,0.04955913,0.06223649,02
0.38433367,0.64927047,0.03201509,0.03720163,02
0.30537152,0.63264936,0.01242648,0.05484232,00
0.24125279,0.63322055,0.01596633,0.06602474,00
0.26639584,0.63454294,0.01491917,0.05978466,00
0.05612608,0.65138072,0.01994583,0.08714685,00
0.66141587,0.63173896,0.01145941,0.06413497,00
0.00967080,0.65104949,0.01563884,0.09760991,00
0.22034575,0.63601702,0.01462165,0.06487216,00
0.15505643,0.64387947,0.01868096,0.09771894,00
0.71713835,0.64781982,0.01378100,0.05463611,00
0.17658049,0.64876497,0.02031882,0.08546091,00
0.31902313,0.63640267,0.01111089,0.05078666,00
0.35267678,0.62353933,0.00781301,0.03758660,00
0.69493216,0.63299006,0.01184734,0.05051365,00

