0.24567832,0.31725326,0.02603108,0.06830841,09
0.17419073,0.49089101,0.00989702,0.02812346,09
0.51634294,0.65188831,0.08827187,0.16338050,05
0.88593543,0.74561661,0.23918454,0.27818039,02
0.41775361,0.64733166,0.05075191,0.06393760,02
0.38374531,0.64665401,0.03063267,0.04586769,02
0.15145771,0.64231247,0.01717041,0.08578573,00
0.21831919,0.63416648,0.01366452,0.06405767,00
0.24005142,0.63003117,0.01481410,0.06278149,00
0.66239369,0.63244140,0.01198674,0.06817096,00
0.26470199,0.62943971,0.01358847,0.05442595,00
0.17341094,0.64721274,0.01992035,0.08279218,00
0.30075750,0.63346577,0.01200546,0.05179370,00
0.04959185,0.64974958,0.02313637,0.09331599,00
0.70176971,0.63368630,0.01278105,0.05480801,00
0.30571324,0.63284564,0.01190116,0.05152063,00
0.00476007,0.65358746,0.01071202,0.11304797,00
0.35098928,0.62114185,0.00793734,0.03941327,00
0.71815729,0.64751667,0.01303073,0.04891881,00

