0.24243470,0.30684638,0.02443014,0.06930803,09
0.51561278,0.65063298,0.08773158,0.16721004,05
0.88503093,0.74359500,0.24133134,0.27987286,02
0.41598588,0.64653486,0.05435733,0.06253679,02
0.14971676,0.63794118,0.01809492,0.09079315,00
0.21823215,0.63108832,0.01372002,0.06758652,00
0.66078806,0.63008690,0.01178263,0.07658813,00
0.24029350,0.62757289,0.01379822,0.05897825,00
0.04669127,0.64858049,0.01960674,0.09329832,00
0.26480031,0.62794077,0.01241700,0.05697024,00
0.69513541,0.62849343,0.01089130,0.06134328,00
0.30538335,0.62868720,0.01175243,0.04636411,00
0.17331676,0.64804137,0.01809542,0.07960412,00
0.70608705,0.63357377,0.00997940,0.05305913,00
0.34947032,0.62112844,0.00732839,0.03561374,00
0.28355908,0.63010627,0.00944090,0.04276084,00

