0.24057958,0.30274451,0.02218826,0.07257199,09
0.21956474,0.30458012,0.01464389,0.06443287,09
0.16888645,0.48624030,0.01103648,0.03029870,09
0.51565707,0.65223157,0.08914351,0.16560368,05
0.88859338,0.74345464,0.23963927,0.27908069,02
0.41567552,0.64745629,0.05658165,0.06196858,02
0.04127740,0.64923728,0.02135250,0.09262683,00
0.21530855,0.63083035,0.01547935,0.06245133,00
0.66331393,0.62848586,0.01229746,0.06977566,00
0.30070740,0.63107198,0.01346192,0.04988343,00
0.14588036,0.64285231,0.01757355,0.08373992,00
0.23418570,0.62989509,0.01500919,0.06970103,00
0.26136911,0.62652200,0.01218812,0.05176379,00
0.16977744,0.65041500,0.01647345,0.07779065,00
0.74156266,0.63342887,0.01641143,0.08356138,00
0.70406419,0.63022155,0.01238411,0.06076029,00
0.26596996,0.62675357,0.01197904,0.05113491,00

