0.23413937,0.29892078,0.02500392,0.07232311,09
0.21291587,0.29972112,0.01449353,0.06530109,09
0.16550331,0.48197392,0.01023494,0.02679076,09
0.51595592,0.65220165,0.09078494,0.16547626,05
0.88964319,0.74268299,0.23824970,0.28436348,02
0.41421199,0.65160483,0.05399187,0.05465028,02
0.03297016,0.64997697,0.02061291,0.09307727,00
0.13891323,0.64233261,0.02091202,0.09258326,00
0.23305188,0.63146275,0.01589134,0.06618346,00
0.29911566,0.63269055,0.01412708,0.04892542,00
0.66618252,0.62716055,0.01202321,0.06938703,00
0.26004389,0.62930399,0.01380249,0.06153371,00
0.21221319,0.63273168,0.01687688,0.06762721,00
0.16729036,0.64849794,0.01909076,0.07920605,00
0.70235968,0.62982965,0.01243632,0.05818344,00
0.72886145,0.64447796,0.01133782,0.06318908,00
0.74354953,0.63399106,0.01428296,0.08692338,00
0.71405768,0.63442308,0.01030678,0.05090295,00
0.34834695,0.62019968,0.00798658,0.03816630,00

