0.23019123,0.28713202,0.02556513,0.07511845,09
0.16331996,0.47066569,0.01295568,0.04667312,09
0.16704635,0.56573951,0.01632125,0.03120377,09
0.51712400,0.65001512,0.09018131,0.17171219,05
0.89049160,0.74356836,0.23540403,0.27779922,02
0.41478264,0.65059292,0.05332078,0.05182578,02
0.37669429,0.64539933,0.03661650,0.05352516,02
0.02992557,0.64690256,0.02492374,0.09189374,00
0.13712268,0.64232343,0.02171838,0.08976746,00
0.29953849,0.63024825,0.01217260,0.06015636,00
0.23371807,0.62581718,0.01405972,0.06517469,00
0.66550499,0.62622947,0.01162627,0.06921707,00
0.25942710,0.62540126,0.01220881,0.05383938,00
0.21223992,0.62866604,0.01662180,0.06236188,00
0.70174468,0.62621635,0.01249357,0.05897918,00
0.74430454,0.62756366,0.01511128,0.08954956,00
0.71455532,0.63279438,0.01067168,0.05519859,00
0.34744430,0.62049609,0.00734460,0.03371114,00

