0.22674055,0.28137910,0.02259407,0.07832194,09
0.20596611,0.28076741,0.02005840,0.07739121,09
0.51676506,0.65080482,0.08992111,0.17090198,05
0.89145780,0.74505550,0.23133546,0.28126541,02
0.41386738,0.64945555,0.05518650,0.05655283,02
0.37550938,0.64444900,0.03986583,0.05548988,02
0.29854831,0.62800509,0.01179959,0.05287176,00
0.13319300,0.64235610,0.02365687,0.08682289,00
0.02137526,0.64910036,0.02205620,0.09517851,00
0.25766119,0.62540883,0.01358343,0.05789524,00
0.23134598,0.62553269,0.01399063,0.06257654,00
0.66661114,0.62929171,0.01187536,0.07514185,00
0.70298105,0.62987852,0.01247849,0.06739182,00
0.74530071,0.62936342,0.01598754,0.09334719,00
0.20872164,0.62823868,0.01369031,0.06437358,00
0.73001188,0.64662611,0.01152415,0.05411709,00
0.71729946,0.63352084,0.01029938,0.05619042,00
0.28000110,0.62761611,0.01018084,0.04777384,00

