0.22049321,0.27475682,0.02814416,0.08188903,09
0.51648724,0.64872336,0.09135804,0.17857945,05
0.89884937,0.74293596,0.21782500,0.28920737,02
0.41254449,0.64812613,0.05581437,0.06301077,02
0.37483901,0.64228362,0.04366789,0.05369944,02
0.12727623,0.64205807,0.02406541,0.08688598,00
0.25693110,0.62533772,0.01242767,0.05774628,00
0.29616076,0.62614840,0.01109359,0.05411606,00
0.23019922,0.62635761,0.01369905,0.05910841,00
0.01607419,0.64993441,0.02405772,0.09920468,00
0.70403045,0.62791324,0.01303494,0.05861458,00
0.66776544,0.62721747,0.01173858,0.06803156,00
0.20691907,0.62851995,0.01556361,0.05818970,00
0.73188591,0.63451827,0.01546338,0.07518870,00
0.15927644,0.64377266,0.02052962,0.06963511,00
0.74518108,0.62977380,0.01434897,0.09016334,00

