0.21521081,0.26432875,0.02604420,0.07646598,09
0.15435949,0.46679321,0.01152011,0.04763738,09
0.51650602,0.64830381,0.09205325,0.17609498,05
0.89924663,0.74372399,0.21715951,0.29221728,02
0.41018334,0.64673120,0.05877005,0.06496632,02
0.37093675,0.64327091,0.04235570,0.04877979,02
0.04561508,0.65101939,0.06336020,0.05880819,02
0.29512271,0.62591380,0.01211297,0.05258457,00
0.25476843,0.62386656,0.01505759,0.05730676,00
0.22804034,0.62573057,0.01491887,0.05889053,00
0.12514125,0.64244777,0.02197047,0.08393408,00
0.00957527,0.64709985,0.01745284,0.09532827,00
0.20425992,0.62824315,0.01499330,0.05616696,00
0.66884571,0.62713981,0.01176254,0.07439327,00
0.15595767,0.64336669,0.01647643,0.07383037,00
0.70570660,0.62554520,0.01425027,0.06311504,00
0.71959698,0.63297725,0.01095005,0.05879091,00
0.74435240,0.63049120,0.01312723,0.08586409,00
0.73257536,0.63161910,0.01399056,0.07838927,00
0.75245428,0.62790722,0.01554239,0.09448426,00

