0.15164746,0.46663013,0.01121133,0.04596052,09
0.20811532,0.25994468,0.02736850,0.07992863,09
0.19024688,0.26087490,0.02305601,0.07614923,09
0.51662797,0.64740020,0.09234221,0.18068859,05
0.90051609,0.74348360,0.21497852,0.29502273,02
0.40996271,0.64531982,0.05877648,0.07012824,02
0.03679202,0.64868754,0.07177048,0.07124794,02
0.36963555,0.64232951,0.04268019,0.04880838,02
0.12066344,0.64194602,0.02472907,0.08584712,00
0.29458198,0.62586933,0.01165161,0.05146117,00
0.20302050,0.62835908,0.01510349,0.05758629,00
0.25309327,0.62351519,0.01530703,0.05843597,00
0.22648174,0.62741119,0.01560509,0.05712760,00
0.66928083,0.62640536,0.01195140,0.07374746,00
0.75215012,0.62860501,0.01860511,0.09333851,00
0.00620299,0.65018779,0.01267146,0.10687315,00
0.70585585,0.62615907,0.01378898,0.05831553,00
0.15455814,0.64471465,0.01863695,0.07792109,00
0.73308104,0.63261807,0.01433654,0.07844774,00

