0.20328397,0.25397435,0.02617746,0.08432827,09
0.14804569,0.46626636,0.01124297,0.05061267,09
0.18176413,0.25481376,0.01947559,0.07247166,09
0.51660520,0.64705205,0.09330416,0.18315953,05
0.90439606,0.74465936,0.20715874,0.29653299,02
0.03555162,0.64777029,0.07218514,0.07278734,02
0.40480006,0.64618182,0.06558019,0.07118952,02
0.11517169,0.64223361,0.02510675,0.08690305,00
0.29466590,0.62648910,0.01141394,0.05351109,00
0.20111538,0.62916911,0.01615694,0.05960515,00
0.25196716,0.62654942,0.01638258,0.05891807,00
0.22591944,0.62666345,0.01561553,0.06119642,00
0.70679289,0.62861252,0.01254443,0.06398765,00
0.75314301,0.63297546,0.01838874,0.09147365,00
0.66913593,0.62800401,0.01136722,0.06736679,00
0.30902237,0.63231409,0.01068016,0.05123169,00
0.15190090,0.64890426,0.01972804,0.07624923,00

