0.19527024,0.24605946,0.02813408,0.08581285,09
0.17669860,0.24915853,0.02079230,0.08080223,09
0.51696932,0.64813966,0.09326822,0.17980923,05
0.90580481,0.74367189,0.20358549,0.30693021,02
0.03265583,0.64952344,0.06183090,0.06952788,02
0.40888330,0.65028083,0.05762585,0.07110167,02
0.36368129,0.64593142,0.04935909,0.05128790,02
0.11095645,0.64267743,0.02349566,0.08717023,00
0.29346672,0.63189161,0.01446759,0.05851033,00
0.22053674,0.63110918,0.01875926,0.06795815,00
0.24805109,0.62724060,0.01557676,0.05878868,00
0.14726914,0.64922452,0.02115831,0.08102325,00
0.19892418,0.63117945,0.01640824,0.06660750,00
0.67348111,0.63152307,0.01180706,0.06981896,00
0.70888543,0.62620395,0.01298815,0.06524242,00
0.66781342,0.63023990,0.01100408,0.06849062,00
0.74147755,0.63626534,0.01587228,0.08444388,00
0.75565344,0.63291639,0.01563690,0.09049458,00

