0.19018257,0.24023134,0.02727019,0.08253260,09
0.14135392,0.46583748,0.01169508,0.04716020,09
0.16820781,0.24021485,0.01804082,0.07681288,09
0.51736212,0.64850605,0.09402946,0.17944638,05
0.90823013,0.74721485,0.19800816,0.29726690,02
0.03141729,0.65189397,0.06032130,0.06919739,02
0.40611282,0.65014249,0.05669659,0.07151145,02
0.36288705,0.64699125,0.05297598,0.05440694,02
0.10690370,0.64335495,0.02355308,0.08508955,00
0.24730913,0.63059968,0.01423123,0.06322727,00
0.29280162,0.63120466,0.01570650,0.05802266,00
0.21923006,0.63068849,0.01550476,0.06568582,00
0.67400861,0.63100493,0.01223999,0.06761917,00
0.19519599,0.63283926,0.01466992,0.06081789,00
0.14590062,0.65081215,0.02122664,0.08184230,00
0.75867563,0.63313437,0.01646382,0.09182929,00
0.74055243,0.64728272,0.01309785,0.06350511,00
0.70956182,0.62638354,0.01188514,0.06289457,00

