0.18183789,0.23049451,0.02969110,0.08986570,09
0.13905011,0.46628338,0.01224195,0.04516605,09
0.51739949,0.64860409,0.09536474,0.17758612,05
0.91141969,0.74764740,0.19706556,0.28780425,02
0.40483594,0.65247834,0.06073295,0.06838188,02
0.02921193,0.65437418,0.05814182,0.06971393,02
0.36151797,0.64819098,0.05349634,0.05357881,02
0.10123950,0.64338106,0.02504140,0.09382733,00
0.21825494,0.63002241,0.01903338,0.07749084,00
0.24587309,0.63158399,0.01861028,0.07046285,00
0.19402286,0.63344246,0.01807791,0.06840422,00
0.67396367,0.63199574,0.01256587,0.07271689,00
0.29287013,0.63410878,0.01584787,0.05954409,00
0.14207610,0.65083861,0.02200130,0.08300336,00
0.75916660,0.63412660,0.01732450,0.08364160,00
0.72691506,0.63038510,0.01077250,0.05877510,00
0.71251923,0.62837952,0.01271366,0.05726633,00
0.74156040,0.64366084,0.01875369,0.07596865,00
0.33918849,0.62330347,0.00882368,0.04704926,00

