0.17682190,0.22396205,0.02843660,0.09061699,09
0.15435167,0.22554055,0.02111620,0.08279375,09
0.13442710,0.46380371,0.01182205,0.04776132,09
0.51760238,0.64841121,0.09494832,0.17571922,05
0.91327608,0.74766964,0.19225827,0.27845421,02
0.02763957,0.65758491,0.05622932,0.06753861,02
0.40298834,0.65211171,0.06304977,0.06882073,02
0.35881367,0.65096867,0.05308231,0.05235592,02
0.09690648,0.64393103,0.02291843,0.09024259,00
0.75963670,0.63676870,0.02111361,0.09627733,00
0.21661440,0.63238794,0.01881324,0.07069591,00
0.24393855,0.63557315,0.01975243,0.06735713,00
0.67442948,0.63687742,0.01546758,0.07458468,00
0.74153352,0.64320964,0.01961278,0.08013427,00
0.29243881,0.63628852,0.01637186,0.05521514,00
0.71279883,0.63421750,0.01661991,0.07473103,00
0.19286259,0.63320428,0.01486694,0.04955771,00
0.14008814,0.64818108,0.01746447,0.07831191,00
0.72883379,0.63276953,0.01192164,0.05320484,00

