0.17384110,0.21642272,0.03102964,0.09378617,09
0.13254344,0.46706820,0.01192933,0.03862007,09
0.51698560,0.64967901,0.09389049,0.17239289,05
0.91599816,0.74389404,0.18779495,0.28933844,02
0.40233621,0.65168238,0.06457303,0.06947224,02
0.35742393,0.65078831,0.05531785,0.05604700,02
0.02430613,0.65710229,0.04998067,0.07303539,02
0.09032787,0.64570159,0.02420037,0.09600007,00
0.24187297,0.63602680,0.01926308,0.06942645,00
0.19035403,0.63615978,0.01937137,0.06357434,00
0.21353468,0.63318068,0.02103468,0.06813540,00
0.71462226,0.63478506,0.01645101,0.07611626,00
0.74336988,0.64484340,0.01930330,0.08189776,00
0.67462796,0.63312882,0.01179504,0.06288562,00
0.76538873,0.63618600,0.02277876,0.09100119,00
0.28713918,0.63478774,0.01492460,0.05250222,00
0.13596123,0.65400016,0.01924378,0.08347765,00

