0.16347642,0.20732674,0.03125897,0.10087194,09
0.51818848,0.65123177,0.09203314,0.16822232,05
0.91918123,0.74479324,0.17772987,0.29295394,02
0.35261539,0.65560549,0.05457024,0.05409713,02
0.02223979,0.65847170,0.04600316,0.07006662,02
0.40196142,0.65659344,0.06121404,0.06894350,02
0.08530436,0.64669263,0.02283923,0.09555411,00
0.18821719,0.63832730,0.01906086,0.06303685,00
0.21355401,0.63498592,0.02003197,0.06680252,00
0.74394089,0.64599586,0.02003140,0.08099823,00
0.24051824,0.63796830,0.02080009,0.06562898,00
0.76719427,0.64370143,0.01986022,0.08867779,00
0.71657068,0.63597172,0.01779358,0.07371012,00
0.28747880,0.64219517,0.01436265,0.06252261,00
0.67611241,0.63760209,0.01549657,0.07505253,00

