0.14958827,0.20156296,0.05042545,0.09986160,09
0.12546404,0.46851334,0.01144340,0.04306142,09
0.51764292,0.65181029,0.09370168,0.16684765,05
0.92112273,0.74652946,0.17164557,0.27086300,02
0.35007146,0.65688980,0.05676412,0.05274223,02
0.02125698,0.65967166,0.04314416,0.06848410,02
0.40054289,0.65512198,0.06172134,0.07795786,02
0.08030452,0.64815521,0.02220425,0.09592290,00
0.76801723,0.64692521,0.02205014,0.08889202,00
0.71769261,0.63753134,0.01663730,0.07911436,00
0.18585184,0.63803554,0.01906329,0.06181781,00
0.20907007,0.63666582,0.02014391,0.06330561,00
0.67955595,0.64326036,0.01510369,0.07752576,00
0.24001510,0.63580608,0.01587570,0.05636296,00
0.74445862,0.65051448,0.01899976,0.07868461,00
0.28530505,0.63833261,0.01787788,0.06807518,00
0.12819946,0.65330875,0.01982556,0.08540444,00

