0.14811225,0.18858427,0.03084727,0.10464189,09
0.12285572,0.46907240,0.01189986,0.04639216,09
0.52149194,0.65183866,0.09407774,0.16726197,05
0.92306560,0.74765456,0.15797961,0.27309003,02
0.34777102,0.65830475,0.05798237,0.05842300,02
0.40103200,0.65493691,0.06055358,0.08069426,02
0.01892799,0.66027504,0.03821815,0.06590665,02
0.07302425,0.64809006,0.02288758,0.10361841,00
0.20677957,0.63785207,0.01942590,0.06494092,00
0.18176514,0.63827288,0.01828769,0.06284181,00
0.77133733,0.64537770,0.01744202,0.08987680,00
0.71909916,0.63751769,0.01544782,0.07704659,00
0.28739277,0.64422673,0.01462577,0.06026849,00
0.67990065,0.64395165,0.01086938,0.07711454,00
0.23918478,0.63790607,0.01990484,0.06331789,00
0.12640610,0.65244758,0.02036555,0.08989159,00
0.75411701,0.64638883,0.01690697,0.08543174,00
0.74450588,0.65044558,0.01883650,0.07886165,00

