0.13802840,0.17842887,0.02894050,0.10453559,09
0.10986029,0.18269831,0.02478527,0.10000302,09
0.52107799,0.65167958,0.09262986,0.16946967,05
0.92498499,0.74909091,0.15175690,0.27344385,02
0.34635058,0.65852046,0.06411467,0.06269661,02
0.40073439,0.65771157,0.06106763,0.07956525,02
0.01751722,0.66659003,0.03373345,0.06466008,02
0.06837942,0.64878875,0.02417724,0.09851126,00
0.20500973,0.63821161,0.01933692,0.06675707,00
0.18061034,0.63897735,0.01772759,0.06454012,00
0.77339548,0.64561260,0.01978746,0.08958459,00
0.68089980,0.64360303,0.01403584,0.07888074,00
0.23503336,0.64241123,0.01664506,0.06622022,00
0.72033376,0.63765544,0.01596462,0.07262564,00
0.75495863,0.64757210,0.01888691,0.08397676,00
0.28571007,0.64522421,0.01595132,0.05881823,00
0.12340444,0.65250248,0.02090209,0.09715907,00
0.74463874,0.65026307,0.01880893,0.07790858,00

