0.12755373,0.16758564,0.03104722,0.10454765,09
0.11583055,0.46697840,0.01321071,0.04367042,09
0.40917757,0.50580114,0.01898522,0.07211163,09
0.51986068,0.65264416,0.09574848,0.16840313,05
0.93129086,0.74522871,0.13842973,0.30872279,02
0.39820555,0.65805149,0.06223647,0.08219226,02
0.34472281,0.65846068,0.06816497,0.06468541,02
0.01472390,0.66766548,0.02989673,0.06232500,02
0.06147135,0.65244788,0.02380021,0.10999136,00
0.20330940,0.63850576,0.01879669,0.06676469,00
0.17842039,0.64325410,0.01528539,0.06074279,00
0.28370866,0.64446133,0.01430762,0.05989707,00
0.23267061,0.64239341,0.01689222,0.06889015,00
0.68043977,0.64389819,0.01433999,0.07833245,00
0.75726497,0.64939070,0.01929694,0.08126510,00
0.11991251,0.65574360,0.01951281,0.08189522,00
0.74458528,0.65256768,0.01886933,0.07218705,00
0.65366125,0.64931917,0.00891761,0.04685885,00

