0.12209973,0.15790674,0.03496707,0.10899972,09
0.08973777,0.15814066,0.02367883,0.10322823,09
0.51998162,0.65014547,0.09586444,0.17075342,05
0.93232805,0.74578363,0.12881339,0.30000901,02
0.33887416,0.65888739,0.06579892,0.06576479,02
0.39803845,0.65646631,0.06156378,0.08170032,02
0.91364747,0.64733189,0.06358066,0.06706613,02
0.01150921,0.66812366,0.02374415,0.06265299,02
0.05658846,0.65372425,0.02661668,0.10797162,00
0.20133701,0.63829589,0.02028314,0.07071432,00
0.77818805,0.64342612,0.02275991,0.09464283,00
0.23207206,0.63721144,0.01586845,0.06077557,00
0.28340098,0.64498025,0.01398023,0.06202262,00
0.17718668,0.64186126,0.01909513,0.06276453,00
0.75716686,0.64689237,0.01830836,0.08401011,00
0.11665621,0.65320772,0.02154018,0.07979038,00
0.72152698,0.63565975,0.01374791,0.07604814,00
0.68150270,0.64433730,0.01534544,0.07823952,00

