0.10331050,0.13789710,0.02528207,0.10690647,09
0.10800186,0.46173126,0.01063685,0.04996769,09
0.07714555,0.14469802,0.02252025,0.10206225,09
0.52061892,0.65378004,0.09501701,0.16720192,05
0.93621606,0.74330032,0.12080584,0.29626784,02
0.39786139,0.65806991,0.06331595,0.07680584,02
0.33616981,0.66065991,0.06803322,0.06280958,02
0.92465925,0.64869332,0.07057800,0.06397788,02
0.00888999,0.66921169,0.02025203,0.06748368,02
0.05058033,0.65459371,0.02632043,0.10627788,00
0.78079122,0.64793700,0.02093941,0.09752475,00
0.11281662,0.65462708,0.02172827,0.09118290,00
0.20036834,0.63834149,0.01980738,0.06974766,00
0.22938262,0.63875693,0.01822222,0.07151960,00
0.17417870,0.64223140,0.01914759,0.06584271,00
0.75801474,0.65113908,0.01885478,0.08315592,00
0.68663454,0.64456546,0.01591846,0.07663768,00
0.28266597,0.64585727,0.01500743,0.06099541,00
0.72502095,0.63660049,0.01465202,0.07638388,00
0.74623948,0.64956343,0.01330265,0.06250925,00
0.77001315,0.64789337,0.01486226,0.08951925,00
0.65610462,0.64538825,0.01130785,0.05866596,00

