0.06857565,0.13561112,0.02529967,0.10017540,09
0.09506025,0.12307788,0.02852002,0.11719865,09
0.10329489,0.46436375,0.01067957,0.04498660,09
0.52217638,0.65269023,0.09408750,0.16612875,05
0.94147223,0.74307108,0.11423904,0.28653708,02
0.33374518,0.66535711,0.07663682,0.06755556,02
0.39664993,0.65959150,0.06274194,0.08275270,02
0.92821884,0.65237474,0.06422605,0.06645247,02
0.00558758,0.66960078,0.01215153,0.06695277,02
0.04233008,0.65715408,0.02801392,0.10744944,00
0.22581758,0.64264494,0.01798578,0.06424389,00
0.19382109,0.64231455,0.02235928,0.07525934,00
0.68880045,0.64613038,0.01570590,0.07682794,00
0.10750388,0.65943348,0.02335145,0.09279911,00
0.76592928,0.65115017,0.01822224,0.09605083,00
0.78466731,0.64639968,0.02161761,0.09795117,00
0.27916065,0.64762372,0.01473625,0.06449234,00
0.16936716,0.64350468,0.01740646,0.06813116,00
0.75873572,0.65278387,0.01848483,0.08580819,00
0.72733611,0.64293849,0.01428164,0.07447764,00
0.74813163,0.65013874,0.01307268,0.06912160,00

