0.10760663,0.85644490,0.04354693,0.05712256,07
0.77780992,0.91247851,0.15137371,0.14535595,02
0.92025787,0.90351593,0.16073222,0.19853856,02
0.26212609,0.88203830,0.11078721,0.13477308,02
0.64212674,0.91429490,0.18132228,0.16004230,02
0.15109399,0.86479622,0.02743691,0.02854283,02
0.40371683,0.84591210,0.02538634,0.02847937,02
0.06404816,0.87649679,0.03385540,0.03876678,02
0.38871133,0.84084100,0.01434190,0.01897467,02
0.17573105,0.86426002,0.02011353,0.02331354,02
0.51443702,0.87967825,0.04289340,0.13860881,00

