0.10733581,0.85482615,0.04414656,0.05770142,07
0.64836317,0.91190648,0.20461093,0.16895476,02
0.80159211,0.91210008,0.17842257,0.16736308,02
0.26215863,0.87929535,0.10845003,0.13490620,02
0.93501794,0.93104374,0.12867415,0.13675848,02
0.06323075,0.87034810,0.03303865,0.03663253,02
0.15031838,0.86070466,0.03183261,0.03326983,02
0.40443230,0.84077460,0.02388935,0.02465447,02
0.38846111,0.83586317,0.01379009,0.01728143,02
0.53277653,0.88190186,0.07756305,0.11593690,02
0.51883548,0.88056999,0.04826986,0.13187760,00

