0.72211856,0.89950436,0.24474706,0.16208667,02
0.91628152,0.90849560,0.16601253,0.13399336,02
0.04825509,0.85864890,0.04483282,0.03914473,02
0.27565861,0.86304766,0.09309579,0.11396421,02
0.01769225,0.86768967,0.03135056,0.03624750,02
0.39008975,0.82219881,0.01408010,0.01812554,02
0.40369716,0.82390243,0.02567226,0.02364101,02
0.40942019,0.83175278,0.02794206,0.03715998,02
0.00876868,0.86656541,0.01520866,0.03426227,02
0.12328217,0.85236728,0.05378414,0.03902410,02
0.54758376,0.88214296,0.04480116,0.16159952,00

