0.11140589,0.84174621,0.06498065,0.05603360,07
0.77412111,0.89648765,0.31519121,0.17276597,02
0.93276864,0.90724140,0.14004844,0.13634354,02
0.27786580,0.85982060,0.09125457,0.11349922,02
0.04819455,0.85568380,0.04393228,0.03952296,02
0.00832973,0.86346483,0.01524636,0.03655387,02
0.39072877,0.81874001,0.01446916,0.01885254,02
0.15302077,0.84043682,0.02224861,0.02757090,02
0.41067386,0.82328159,0.02596335,0.03281911,02
0.56716645,0.86243039,0.10785615,0.11426091,02
0.01819273,0.86348563,0.03245204,0.03533829,02
0.40290374,0.82143855,0.02403620,0.02489802,02
0.55683595,0.88738966,0.03899472,0.17012629,00

