0.80202419,0.89997131,0.35703737,0.17975275,02
0.93769574,0.90851712,0.12752950,0.13945451,02
0.41281426,0.81998444,0.02684464,0.03298768,02
0.27828828,0.85333806,0.08643670,0.11859105,02
0.04802817,0.85322165,0.04478892,0.04008422,02
0.00860590,0.86025298,0.01561630,0.03805078,02
0.02195128,0.85874778,0.04165714,0.03935951,02
0.57228011,0.85973364,0.10754927,0.11454648,02
0.39154428,0.81448436,0.01471321,0.01852736,02
0.12143095,0.84396982,0.04879767,0.04300144,02
0.15347113,0.83905149,0.02312737,0.02659548,02
0.55980241,0.88524878,0.03675922,0.17556491,00
0.50199002,0.81925815,0.01010319,0.06315746,00

