0.80911028,0.89564210,0.34799898,0.18942346,02
0.41328692,0.81933814,0.02552898,0.03197140,02
0.28163868,0.85270256,0.08650129,0.11451066,02
0.00921074,0.86083132,0.01610425,0.04214561,02
0.57135046,0.85857528,0.09865915,0.11441256,02
0.39185736,0.81301397,0.01531648,0.01858139,02
0.04816031,0.85251200,0.04280202,0.04045780,02
0.94207835,0.89784473,0.11559185,0.12879482,02
0.53619957,0.85959625,0.03193946,0.09896433,02
0.11082873,0.83977461,0.06622845,0.05491024,02
0.02182749,0.85810930,0.04054370,0.04137056,02
0.56728715,0.88144213,0.03936780,0.16980880,00

