0.75944752,0.89643204,0.21638803,0.18324792,02
0.41659054,0.82069486,0.02377968,0.03483004,02
0.28637135,0.85631764,0.08475628,0.11523986,02
0.00873077,0.86789334,0.01639463,0.03823272,02
0.02162174,0.86827111,0.03973925,0.04127365,02
0.39796710,0.81189173,0.01436918,0.02113764,02
0.05520509,0.85688859,0.03384043,0.03841433,02
0.10975581,0.85283959,0.06500457,0.04206879,02
0.70326853,0.81268942,0.02063057,0.09859970,00
0.58299923,0.87986171,0.04141076,0.18823418,00
0.50853932,0.80931497,0.00954217,0.05832379,00

