0.85153902,0.91130704,0.28843290,0.15637966,02
0.40318036,0.81302029,0.01458978,0.02035326,02
0.29776511,0.85686415,0.08291118,0.10744514,02
0.09813105,0.85549623,0.04772366,0.04111470,02
0.00884344,0.86725044,0.01598477,0.04155721,02
0.04946408,0.85749906,0.04382912,0.04134721,02
0.42552319,0.82024848,0.02708047,0.03414806,02
0.57339853,0.86200118,0.05293087,0.09433027,02
0.18990596,0.83601272,0.02233044,0.02148418,02
0.62041599,0.89687556,0.04793560,0.18770719,00
0.51923513,0.81279624,0.00925703,0.05547716,00
0.72874385,0.82273716,0.01867422,0.09086934,00

