0.85587513,0.91031635,0.27460137,0.15509491,02
0.30037940,0.85544324,0.07739757,0.11480409,02
0.40507609,0.81412947,0.01600354,0.02060509,02
0.00978490,0.86668175,0.01984396,0.04254001,02
0.05518451,0.85605061,0.03872529,0.04205723,02
0.42708674,0.82967108,0.02912469,0.04361309,02
0.14060779,0.84387857,0.02334588,0.02750017,02
0.57631338,0.86397308,0.05293965,0.10062042,02
0.19216847,0.83813429,0.02020170,0.02400630,02
0.16377980,0.83771378,0.01647312,0.02382111,02
0.09642115,0.85533851,0.04205817,0.03798451,02
0.62367707,0.89733607,0.04337550,0.20503613,00
0.72979909,0.82374406,0.01898472,0.09527548,00

