0.30262017,0.85890567,0.07894406,0.11721791,02
0.87724185,0.91254514,0.22414656,0.15100789,02
0.08879874,0.85853839,0.04255996,0.03925130,02
0.00896055,0.86594301,0.01567581,0.03728480,02
0.40470591,0.81551635,0.01478142,0.01981893,02
0.42603979,0.82290184,0.02457196,0.03679702,02
0.05500268,0.85646421,0.03647287,0.04377884,02
0.58556986,0.86222154,0.06116446,0.08497004,02
0.03083172,0.86203325,0.02445152,0.03564388,02
0.63550931,0.89353377,0.04751753,0.20939726,00
0.52060014,0.81922901,0.00994260,0.05386652,00

