0.30554071,0.85882431,0.07578363,0.11368696,02
0.08804595,0.85995257,0.04249617,0.04141054,02
0.88037127,0.92790914,0.22678858,0.14862753,02
0.00915534,0.86746436,0.01668276,0.04101030,02
0.42927918,0.82325971,0.02732249,0.03631703,02
0.05481983,0.85695034,0.03349234,0.04376840,02
0.40540230,0.81513834,0.01430165,0.01984759,02
0.03103194,0.86394715,0.02484600,0.03746053,02
0.63985902,0.90064079,0.04660572,0.19348477,00
0.84725863,0.85942584,0.02309142,0.12981477,00
0.74134237,0.83468652,0.02078350,0.11765845,00
0.52281660,0.82219315,0.01051591,0.05955764,00
0.78225237,0.88122475,0.02586085,0.10739797,00

