0.31094861,0.86408174,0.07669590,0.11238340,02
0.08756602,0.85908872,0.04857316,0.04858922,02
0.00932715,0.86875838,0.01817066,0.04169434,02
0.91034979,0.93208390,0.19554274,0.13612343,02
0.05461271,0.85923094,0.03095155,0.04182613,02
0.43045622,0.82125539,0.02255318,0.03374308,02
0.41234910,0.81843072,0.01648975,0.02432519,02
0.65345591,0.90248448,0.04962290,0.20252816,00
0.79301894,0.87912655,0.03171349,0.10775019,00
0.87048519,0.86174768,0.02157745,0.15057465,00
0.74537182,0.82247686,0.02688200,0.11256791,00

