0.31202862,0.86332124,0.08066235,0.10905527,02
0.08600331,0.86093438,0.04856563,0.04703644,02
0.00937687,0.86987263,0.01707722,0.04165702,02
0.91427344,0.93111604,0.17859077,0.13286535,02
0.43244401,0.83081001,0.02621863,0.04401740,02
0.41333604,0.81580245,0.01536880,0.02061004,02
0.61836958,0.88578272,0.09429438,0.13493544,02
0.04796311,0.86345780,0.04362063,0.04609258,02
0.75555658,0.83211952,0.02383416,0.10222378,00
0.66287720,0.90156525,0.05041838,0.20407367,00
0.79802817,0.88203079,0.02772345,0.11271674,00
0.87767643,0.86858928,0.03801421,0.14931504,00
0.52903730,0.82183409,0.01224805,0.06752165,00

