0.31341255,0.85792512,0.07696015,0.10797704,02
0.08561590,0.85807228,0.04740421,0.04567856,02
0.00973400,0.86752439,0.02037443,0.04270305,02
0.41386515,0.81453282,0.01563414,0.01967281,02
0.43695509,0.82059097,0.02554904,0.03515691,02
0.17841569,0.83855045,0.02262086,0.02447197,02
0.61550730,0.88476145,0.08079621,0.12767838,02
0.95488530,0.94235921,0.08941604,0.11665261,02
0.05512629,0.85855216,0.03265370,0.03970890,02
0.67029536,0.89736354,0.04114073,0.19229189,00
0.80540442,0.88294810,0.02264898,0.11277059,00

