0.06910956,0.81726885,0.05047478,0.06176032,07
0.31444797,0.84046966,0.06520005,0.08868653,02
0.42626381,0.81465060,0.03250612,0.05305856,02
0.77010286,0.89722675,0.25590968,0.18210451,02
0.40085196,0.79927379,0.01555866,0.02462837,02
0.00934361,0.84049058,0.01636220,0.04812367,02
0.16744994,0.81810027,0.02190274,0.02434789,02
0.13907062,0.81843454,0.02252293,0.02538802,02
0.93678373,0.86749023,0.03775127,0.20664227,00
0.53802299,0.81595278,0.01147675,0.06974297,00
0.86506504,0.81509984,0.02373053,0.08482204,00

