0.51630479,0.82304603,0.07179888,0.08986928,02
0.36737072,0.80822521,0.04131426,0.06463841,02
0.42979246,0.78573191,0.01891890,0.02712707,02
0.16523835,0.79788685,0.02701271,0.03106987,02
0.47947526,0.79765326,0.02557954,0.06815571,02
0.45360127,0.78728569,0.01132117,0.03235561,02
0.46550018,0.79200369,0.01364944,0.04755912,02
0.04369130,0.80758184,0.05051510,0.04277645,02
0.44202194,0.78500086,0.01129805,0.02597121,02
0.85103816,0.83677912,0.03413267,0.18363808,00
0.72941637,0.83637023,0.03739204,0.16244262,00

