0.51581240,0.82291842,0.06875596,0.09068990,02
0.36728466,0.80846405,0.04250049,0.06552908,02
0.42977628,0.78682810,0.01806596,0.02762823,02
0.16362441,0.79962695,0.02645442,0.03114622,02
0.46633640,0.78955823,0.01415347,0.04423129,02
0.45406768,0.78564990,0.01205334,0.03095434,02
0.48188400,0.79638714,0.02606325,0.07140737,02
0.09828073,0.79971600,0.02508971,0.02879043,02
0.44121861,0.78499192,0.01249200,0.02694562,02
0.00854976,0.81556630,0.01358415,0.03803299,02
0.73403937,0.83881760,0.03686230,0.17421341,00
0.86007911,0.83936304,0.03415892,0.18502840,00

