0.52242869,0.83038825,0.06232375,0.09603257,02
0.37019515,0.81002235,0.03879714,0.06280714,02
0.42979437,0.78637779,0.01701274,0.02506492,02
0.48086828,0.79918504,0.02505531,0.06245817,02
0.00779064,0.81822968,0.01286277,0.04105368,02
0.46641710,0.79109359,0.01398046,0.04209238,02
0.45253754,0.78750962,0.00963767,0.02630876,02
0.44116753,0.78754300,0.01301240,0.02544691,02
0.16172552,0.80639517,0.02779143,0.03032233,02
0.09598096,0.80922681,0.02147942,0.03237215,02
0.75361371,0.84719664,0.04003812,0.17043811,00
0.88635063,0.84135604,0.03773518,0.19325256,00

