0.52405280,0.83164299,0.06525257,0.09126016,02
0.37114811,0.81177783,0.04100900,0.06068411,02
0.43050614,0.78924763,0.01843106,0.02673564,02
0.00631746,0.82084143,0.01245068,0.04030161,02
0.48068559,0.80689263,0.02483415,0.07178481,02
0.45361826,0.79163206,0.01126010,0.02690915,02
0.16030259,0.80816871,0.03133584,0.03400386,02
0.44001284,0.78954041,0.01302132,0.02546712,02
0.46559414,0.79252243,0.01308798,0.03524126,02
0.08571643,0.81317139,0.02132538,0.03123376,02
0.76643962,0.84463793,0.03892106,0.18189475,00
0.89981663,0.84678632,0.03553827,0.19331501,00

