0.52384740,0.83246231,0.06254467,0.09455776,02
0.37162471,0.81426686,0.04315294,0.05597804,02
0.48065206,0.80987108,0.02472083,0.07249946,02
0.43090117,0.79191506,0.01606163,0.02400636,02
0.43845683,0.79146916,0.01654158,0.02725430,02
0.15560380,0.81337446,0.02756322,0.02786307,02
0.46654129,0.79648221,0.01319425,0.03833257,02
0.49221641,0.81175709,0.02520647,0.08056646,02
0.45416552,0.79505080,0.00983107,0.02672261,02
0.00556306,0.82315665,0.01104914,0.04161473,02
0.77336591,0.84922075,0.04330775,0.18012691,00
0.91318774,0.84727323,0.04228211,0.19681804,00

