0.53097630,0.83850378,0.07424737,0.09178400,02
0.37260154,0.81476730,0.04303318,0.05579292,02
0.47924218,0.81008035,0.02301717,0.06699958,02
0.43050489,0.79332864,0.01801335,0.02453398,02
0.15556096,0.81668663,0.02951690,0.03064133,02
0.49405155,0.81347185,0.02589930,0.07704721,02
0.43877387,0.79426885,0.01832037,0.02580006,02
0.45427775,0.79479921,0.01082315,0.02279540,02
0.46528229,0.79674232,0.01444465,0.03470530,02
0.11121506,0.81733674,0.06072892,0.03614012,02
0.78336126,0.85361224,0.04117625,0.18104911,00
0.92934638,0.85198945,0.04089018,0.20953588,00

