0.53279024,0.83908820,0.07576532,0.08925461,02
0.37319618,0.81482387,0.04254857,0.05790831,02
0.43817225,0.79372221,0.01839431,0.02837990,02
0.49340528,0.81466305,0.02336675,0.07623184,02
0.46682885,0.79622895,0.01247396,0.03067592,02
0.15496808,0.81678581,0.03279794,0.03109482,02
0.45521656,0.79524893,0.01029085,0.02395707,02
0.42998049,0.79234791,0.01344079,0.02153360,02
0.12660189,0.81272894,0.02823212,0.02662780,02
0.07429276,0.81808239,0.02931094,0.03446471,02
0.48093852,0.81206429,0.02198357,0.06881536,02
0.00497155,0.82232112,0.01103717,0.04779091,02
0.79557228,0.85503364,0.05363176,0.18937121,00
0.94381452,0.85287160,0.03996073,0.20969528,00
0.24755156,0.80917180,0.01430987,0.04421991,00

