0.53337461,0.84172368,0.07662455,0.09286063,02
0.37376106,0.82094997,0.03975262,0.05932461,02
0.15319778,0.81575865,0.03424471,0.03189644,02
0.12385262,0.81278151,0.03092961,0.02448849,02
0.49323553,0.81741452,0.02586071,0.07368798,02
0.43039206,0.79493237,0.01734628,0.02361843,02
0.46707895,0.79851341,0.01388718,0.03428175,02
0.43816295,0.79693198,0.01607617,0.02624394,02
0.45454282,0.79816771,0.01137875,0.02938448,02
0.07278433,0.82083189,0.02453221,0.03593793,02
0.48192030,0.81469184,0.02393811,0.06798758,02
0.80627775,0.86126357,0.05019540,0.18382105,00
0.96242785,0.84693259,0.04219795,0.22886577,00
0.24623899,0.81203359,0.01479142,0.04881481,00

