0.53537875,0.83933634,0.06617016,0.09290627,02
0.37476552,0.81635386,0.04074344,0.05812651,02
0.15152872,0.81516796,0.03348549,0.02962292,02
0.43836981,0.79513550,0.01565878,0.02867634,02
0.12246599,0.81368446,0.03455596,0.03156308,02
0.07285947,0.81811106,0.02595711,0.03338348,02
0.49199009,0.81596297,0.02270491,0.07627883,02
0.46736565,0.79740757,0.01258616,0.03337930,02
0.45466113,0.79727215,0.01093462,0.02798692,02
0.42948905,0.79440421,0.01240227,0.02239878,02
0.48156935,0.81522167,0.02327635,0.06959940,02
0.82033843,0.86145431,0.05018117,0.20321982,00
0.97775751,0.85731077,0.03863686,0.21420200,00
0.24452062,0.80967128,0.01444731,0.06100869,00

