0.37431765,0.81822515,0.03945072,0.05463431,02
0.53595573,0.84154719,0.06668360,0.09321298,02
0.15001810,0.81790608,0.03170533,0.03210856,02
0.43849167,0.79663604,0.01767619,0.02674566,02
0.49335137,0.81782168,0.02797714,0.07592338,02
0.12125841,0.81257111,0.03536002,0.02999754,02
0.46755350,0.79751146,0.01518338,0.03103728,02
0.07138576,0.81934422,0.02228817,0.03437009,02
0.02102467,0.83161694,0.03909288,0.03236721,02
0.83313572,0.86671460,0.04724254,0.20681733,00
0.24389286,0.81560278,0.01360401,0.05124184,00

