0.41727287,0.44262147,0.21002498,0.40202343,05
0.84650028,0.41141641,0.32259503,0.82553810,05
0.52837545,0.50937271,0.02358392,0.03255104,02
0.00688904,0.55382335,0.01305293,0.10913348,02
0.04670755,0.53514403,0.01817362,0.07406755,00
0.65034366,0.51675701,0.01218445,0.05269178,00
0.01830956,0.53549409,0.01605603,0.08147012,00
0.61387753,0.51202917,0.00937656,0.04967147,00
0.62620223,0.51656097,0.01030701,0.05238934,00
0.07184679,0.53235000,0.02258703,0.06682883,00
0.59779215,0.51145130,0.00769700,0.04611529,00

