0.17873807,0.27781427,0.01379825,0.05232475,09
0.41716096,0.44550547,0.20048659,0.41756943,05
0.82044458,0.40599492,0.29804382,0.77877188,05
0.17025065,0.52011013,0.13773791,0.09198873,02
0.52833480,0.50967753,0.02519602,0.03409649,02
0.28371739,0.50359911,0.05203276,0.07303488,02
0.04523576,0.53549087,0.01765820,0.07369423,00
0.00539339,0.53587103,0.01131387,0.09555291,00
0.65181488,0.51628083,0.01229657,0.04948071,00
0.62620169,0.51636970,0.00989139,0.05204894,00
0.01930704,0.53206956,0.01204467,0.06719069,00
0.61415458,0.51153600,0.00943784,0.04661775,00
0.07040926,0.53267097,0.02331313,0.06800663,00

