0.15190241,0.27796304,0.01304558,0.04737327,09
0.17726490,0.27501357,0.01413692,0.04994816,09
0.82150984,0.46996850,0.32059273,0.82057768,07
0.41779074,0.44320470,0.20489897,0.40847695,05
0.82345229,0.34932449,0.29464215,0.69509864,05
0.52820569,0.50986534,0.02388097,0.03580429,02
0.17060067,0.51626998,0.12483671,0.08722635,02
0.04275572,0.53402787,0.01483534,0.06382670,00
0.65197372,0.51779032,0.01287973,0.04949161,00
0.62757224,0.51667833,0.01050824,0.05446203,00
0.00423076,0.53487390,0.00866186,0.08445798,00
0.01695967,0.53465742,0.01382957,0.05757158,00
0.61261964,0.51039845,0.00991699,0.04775839,00

