0.15156196,0.27578896,0.01336502,0.04633601,09
0.41841674,0.44442526,0.20081718,0.40832055,05
0.84584177,0.41781005,0.29974547,0.89011306,05
0.52841586,0.50892133,0.02315917,0.03875739,02
0.67435533,0.51117116,0.01286668,0.08676289,00
0.00336642,0.53382772,0.00819882,0.07121729,00
0.04126683,0.53262615,0.01878369,0.07076204,00
0.62693399,0.51659805,0.00973915,0.04737776,00
0.65303469,0.51656413,0.01241660,0.05262004,00
0.61321944,0.51082933,0.00991874,0.04880111,00
0.01624915,0.53291810,0.01404695,0.05720865,00

