0.14856975,0.27315387,0.01397185,0.04846058,09
0.17617892,0.27345574,0.01315833,0.04735018,09
0.41887429,0.44543096,0.20681264,0.40631506,05
0.84757537,0.42558533,0.29036880,0.89893371,05
0.29124045,0.49643323,0.06100910,0.08119614,05
0.52847070,0.50902784,0.02174302,0.03953328,02
0.28745773,0.50406569,0.06048229,0.07208374,02
0.67718482,0.51221102,0.01458257,0.08025465,00
0.65283751,0.51697361,0.01312913,0.05910081,00
0.61312771,0.51289201,0.01033137,0.04735317,00
0.62752104,0.51833153,0.00976380,0.05249468,00

