0.85067868,0.46984744,0.29871550,0.87312561,07
0.41918197,0.44501022,0.20195989,0.41598547,05
0.84949130,0.42988923,0.28948489,0.89188403,05
0.28652364,0.49727908,0.06985949,0.08111490,05
0.13987872,0.51840544,0.16484928,0.09390983,02
0.52829093,0.50940728,0.02140352,0.03770753,02
0.28732166,0.50272799,0.06343435,0.07308080,02
0.68077904,0.51342553,0.01473646,0.08247387,00
0.61349279,0.51360899,0.01057826,0.05054608,00
0.62745649,0.51885319,0.01017986,0.05635391,00
0.65367949,0.51827645,0.01336532,0.05590646,00

