0.42932150,0.46200207,0.21494843,0.35723865,05
0.86067271,0.43486604,0.26993772,0.91201121,05
0.27089474,0.50304651,0.10528006,0.09266789,05
0.66528493,0.53430814,0.01766741,0.04852537,03
0.08897007,0.51614749,0.16976525,0.09826420,02
0.69540787,0.51541024,0.01304872,0.08862963,00
0.63360924,0.51911604,0.01082762,0.07088873,00
0.70217079,0.51710141,0.01333097,0.08674542,00
0.61139631,0.51676309,0.00925561,0.04399769,00
0.66463631,0.51297402,0.01204580,0.04212544,00
0.71392208,0.51500541,0.00973418,0.07392929,00

