0.87062407,0.46870220,0.25348112,0.92078918,06
0.43246755,0.46311906,0.21378750,0.34868893,05
0.86705852,0.41645023,0.25517216,0.85227925,05
0.25290129,0.50799936,0.11155875,0.09545167,05
0.08393576,0.51822370,0.17169954,0.09648397,02
0.32649326,0.51653397,0.02168159,0.04247871,02
0.70070058,0.51997101,0.01550195,0.09955692,00
0.73322111,0.53158170,0.02098154,0.13645795,00
0.66803724,0.52969879,0.01999399,0.07195840,00
0.71598339,0.51906699,0.01407083,0.09241344,00
0.63731682,0.51887852,0.01084347,0.06555258,00

