0.43162164,0.46484900,0.21375279,0.35156211,05
0.86847764,0.42706642,0.25365788,0.86931622,05
0.27353609,0.49776351,0.08637746,0.08375408,05
0.32508022,0.51783097,0.02379829,0.04298616,02
0.70471704,0.52046198,0.01683981,0.10003311,00
0.74052626,0.52935702,0.02537790,0.14649589,00
0.63671815,0.52820629,0.01722375,0.07837991,00
0.66888946,0.52872759,0.01916650,0.07238550,00
0.71822733,0.51617962,0.01766413,0.08944987,00
0.60891938,0.51220787,0.00992621,0.05538400,00
0.60168105,0.51192498,0.01137028,0.05912742,00

