0.87396944,0.47689992,0.24868046,0.89747715,07
0.43291312,0.46369192,0.21615329,0.34683335,05
0.27281123,0.49643362,0.08725458,0.08118138,05
0.87431628,0.43088448,0.24355692,0.89102441,05
0.32402593,0.51692742,0.02444083,0.04524224,02
0.74288106,0.52906221,0.02240226,0.14117950,00
0.70557451,0.51859069,0.01593583,0.09501159,00
0.63818181,0.52743345,0.01679341,0.07481090,00
0.75773281,0.52984476,0.02012584,0.15144107,00
0.61074263,0.51424032,0.00969231,0.04965009,00
0.71644801,0.51646000,0.01601299,0.09066412,00
0.67369246,0.53062832,0.01991522,0.07521044,00

