0.12395204,0.23843853,0.01560506,0.05523198,09
0.87056369,0.48125896,0.25915626,0.87285191,07
0.42888913,0.44783697,0.21050347,0.39489967,05
0.27280933,0.49710155,0.08623719,0.08681852,05
0.87058961,0.43530208,0.25519788,0.85093439,05
0.32507202,0.51493090,0.02499670,0.04823627,02
0.70636618,0.51882809,0.01979247,0.09593079,00
0.74333936,0.52658761,0.02336090,0.14534095,00
0.75949329,0.52851582,0.02245717,0.15278083,00
0.67323112,0.52031022,0.01969194,0.07547670,00
0.71708697,0.51622951,0.01799497,0.09250838,00
0.63748550,0.52033865,0.01880062,0.06610291,00
0.60804605,0.51508552,0.00999492,0.05035063,00

