0.12402996,0.23708025,0.01464433,0.05095122,09
0.87953258,0.48140112,0.23896483,0.90865445,07
0.43513766,0.46165574,0.21357670,0.34692761,05
0.27087417,0.49468121,0.08511995,0.08456539,05
0.87927747,0.44037288,0.23515980,0.87429392,05
0.32370558,0.51398325,0.02572145,0.04626413,02
0.63915700,0.52612978,0.01822515,0.07659503,00
0.67484856,0.51931584,0.02017317,0.07783086,00
0.71450216,0.51406205,0.01950652,0.09300958,00
0.75374222,0.52961946,0.03396739,0.15482940,00
0.76694530,0.52905703,0.02348319,0.15660919,00
0.60881531,0.51257545,0.01125158,0.05239624,00
0.15989181,0.52749389,0.01249197,0.06607684,00
0.60247391,0.51357943,0.01238288,0.05366533,00

