0.43193033,0.44768110,0.20932235,0.39305368,05
0.88169467,0.43387467,0.23285256,0.86419111,05
0.27045265,0.49409974,0.08237109,0.08620124,05
0.32330745,0.51500666,0.02766347,0.04483933,02
0.67493558,0.51822227,0.02055124,0.07658780,00
0.63944471,0.52058351,0.01837778,0.07121764,00
0.71441650,0.51376981,0.02027492,0.09519591,00
0.75706595,0.52657843,0.03543464,0.15611279,00
0.60856128,0.51249647,0.01149194,0.05455442,00
0.76959747,0.52950364,0.02544502,0.14964248,00
0.74775332,0.51386774,0.01907220,0.13015835,00

