0.43212515,0.44642854,0.20778656,0.39319503,05
0.88432103,0.42761922,0.20581886,0.85459286,05
0.26974475,0.49413097,0.07709880,0.08580782,05
0.32261151,0.50837970,0.02892367,0.05458352,02
0.71503127,0.51549286,0.01997754,0.09695745,00
0.75837547,0.52412850,0.03328223,0.16147707,00
0.67665255,0.51724797,0.02188306,0.07460713,00
0.64047343,0.51808673,0.01909437,0.06817989,00
0.77187997,0.52830654,0.02568046,0.16438161,00
0.70755070,0.51354694,0.01804169,0.08731976,00
0.60953099,0.51301372,0.01180746,0.04674276,00
0.15529777,0.52793014,0.01479855,0.05872853,00
0.72933769,0.51357150,0.02021093,0.08225314,00

