0.11171792,0.22442779,0.01568175,0.05347067,09
0.43386012,0.44711581,0.20373368,0.38817874,05
0.26681909,0.49505752,0.08623321,0.09317733,05
0.90208054,0.43077904,0.20493555,0.88921332,05
0.32245567,0.50788295,0.03237678,0.05701186,02
0.06372367,0.52283478,0.12346236,0.09547898,02
0.20511429,0.52906960,0.05570974,0.04686926,02
0.71832371,0.51724398,0.02062058,0.10449264,00
0.75949728,0.52698201,0.03325761,0.16142753,00
0.67802954,0.51783967,0.02135796,0.07702554,00
0.64146417,0.51741749,0.01864752,0.07037133,00
0.15360542,0.52744544,0.01516859,0.06245854,00
0.80435151,0.51523578,0.02058044,0.14288159,00
0.60973310,0.51405698,0.01151886,0.04518205,00
0.77261686,0.52920151,0.03340468,0.15458710,00

