0.43213478,0.44758973,0.20368800,0.38488278,05
0.90783781,0.43744707,0.18348771,0.85706896,05
0.26651984,0.49251610,0.08640224,0.09720761,05
0.32263130,0.50725150,0.03186647,0.05388234,02
0.71921694,0.51637381,0.02053887,0.10368831,00
0.77137858,0.52896202,0.03359669,0.16570561,00
0.80606288,0.51768613,0.02487569,0.14679907,00
0.64187407,0.51769972,0.01911798,0.07277694,00
0.67800188,0.51877564,0.02006138,0.08080073,00
0.75801939,0.51764315,0.02187552,0.14035831,00
0.70468628,0.51395333,0.01497506,0.08483460,00
0.15284692,0.52654344,0.01533180,0.05932919,00
0.60876369,0.51202238,0.01217531,0.04689220,00

