0.43511266,0.44590223,0.20642067,0.38506120,05
0.25725228,0.49265692,0.08966877,0.10104056,05
0.91427845,0.46909168,0.16714512,0.87717819,05
0.32019767,0.50713223,0.03537014,0.05242576,02
0.77378047,0.52691430,0.03152400,0.16595255,00
0.72164667,0.51300704,0.01833838,0.10208999,00
0.64267051,0.51471663,0.02018555,0.06969777,00
0.70635235,0.51120967,0.01731949,0.08265707,00
0.80971169,0.52460533,0.03172958,0.15656683,00
0.67940313,0.51513201,0.02094928,0.07651409,00
0.78513926,0.51738292,0.02448466,0.15671839,00
0.60951346,0.51005918,0.01360565,0.05181315,00
0.75943977,0.51303697,0.02038526,0.12958398,00

