0.43388894,0.44525501,0.20823441,0.37658179,05
0.91755283,0.47815868,0.16794372,0.86620480,05
0.25967824,0.49121690,0.07166068,0.09394291,05
0.32138598,0.50747168,0.03581422,0.05291273,02
0.77572250,0.52564806,0.03285708,0.16482329,00
0.72692811,0.51005405,0.02390034,0.10748527,00
0.70455372,0.51115304,0.01912838,0.08131592,00
0.81694758,0.52702123,0.02652471,0.15720722,00
0.64212143,0.51284033,0.01889106,0.06741316,00
0.67890435,0.51321572,0.02042126,0.07896470,00
0.78590459,0.51789641,0.02401893,0.15751272,00
0.12037075,0.52077013,0.01372667,0.06120692,00
0.60760683,0.51253814,0.01238621,0.04709628,00
0.75750822,0.51173705,0.01848738,0.12430073,00

