0.43639097,0.44221967,0.21251345,0.36770090,05
0.25887573,0.49143213,0.09685925,0.10183280,05
0.92532617,0.47405046,0.15972282,0.88709670,05
0.31989512,0.50625730,0.03540510,0.05014385,02
0.04745502,0.51039350,0.09818207,0.13093336,02
0.20512348,0.52840084,0.04669934,0.05319903,02
0.72906983,0.51152992,0.02424834,0.11013025,00
0.82166272,0.52773064,0.02997139,0.16384399,00
0.70720565,0.50949925,0.02036492,0.08366338,00
0.77409667,0.52176070,0.03400775,0.17152947,00
0.64339179,0.51294661,0.01950538,0.07516290,00
0.79465806,0.52412528,0.03087213,0.16354851,00
0.68194407,0.51370782,0.01978329,0.07948671,00
0.60942554,0.50993353,0.01287241,0.05053523,00
0.11439661,0.51746660,0.01310266,0.05599679,00

