0.43717626,0.44281289,0.21019258,0.36680371,05
0.25903958,0.49007007,0.09357235,0.10259466,05
0.92919749,0.43956751,0.14196649,0.83742458,05
0.31980619,0.50606143,0.03446890,0.05036892,02
0.20726787,0.52105010,0.04055810,0.04888511,02
0.04523405,0.51343620,0.09481458,0.11738286,02
0.82454157,0.52577597,0.03200249,0.17531550,00
0.72973257,0.51227689,0.02367573,0.11704635,00
0.70693165,0.51052177,0.02127086,0.08520708,00
0.79351759,0.52957255,0.03635062,0.17439671,00
0.77541894,0.52193433,0.03638382,0.18083017,00
0.64570558,0.51534820,0.01816876,0.07532499,00
0.68563056,0.51424325,0.01957073,0.08484416,00
0.60909760,0.51097929,0.01270092,0.04761562,00

