0.91285086,0.18526927,0.02541690,0.12600785,09
0.93137693,0.49257717,0.12992185,0.87268877,07
0.43735957,0.44458258,0.21175171,0.38114032,05
0.25313267,0.49035692,0.09599197,0.10617951,05
0.31881261,0.50471622,0.03562314,0.04986825,02
0.20573443,0.52086133,0.04146945,0.04621539,02
0.73185861,0.51417720,0.02331076,0.11559225,00
0.83285195,0.52498615,0.02954217,0.17020078,00
0.64665896,0.51725858,0.02004515,0.07594556,00
0.70832545,0.51029712,0.02116686,0.08449063,00
0.79801470,0.52961814,0.03518281,0.16906333,00
0.77836019,0.51917851,0.03473054,0.16801138,00
0.68609345,0.51336324,0.01898157,0.08338924,00
0.11064133,0.51782191,0.01382071,0.06115402,00
0.87134522,0.52873921,0.01856791,0.14133193,00
0.60663462,0.50686187,0.01952662,0.06741302,00
0.76929069,0.51302207,0.01879792,0.12945180,00

