0.92258221,0.18643394,0.02443538,0.11837212,09
0.93707818,0.49888679,0.11894394,0.93978596,07
0.25403398,0.48902458,0.09822901,0.10547605,05
0.43883362,0.44414178,0.21077107,0.37654459,05
0.31812343,0.50426519,0.03582546,0.05091904,02
0.20402704,0.52083856,0.04207309,0.04791168,02
0.04260748,0.56823796,0.08471310,0.28301534,02
0.64749748,0.51733220,0.02061192,0.07709301,00
0.73254365,0.51597667,0.02263054,0.11202700,00
0.83444339,0.52805102,0.03121489,0.17271331,00
0.78226405,0.52279598,0.03569719,0.16724887,00
0.87455809,0.52725232,0.02411203,0.14432919,00
0.68649477,0.51632136,0.01875426,0.08414169,00
0.80207843,0.52876830,0.03393473,0.17038204,00
0.70827413,0.51135606,0.02089347,0.08396546,00
0.11022476,0.51807600,0.01272220,0.05957086,00
0.14201780,0.51791698,0.01410934,0.05631053,00
0.74025148,0.51696569,0.01727979,0.10924017,00

