0.92937410,0.18151063,0.02777418,0.10970736,09
0.05005071,0.19284642,0.01510518,0.05381087,09
0.43784362,0.44489121,0.20922340,0.37932315,05
0.25211895,0.48959598,0.09346230,0.10444358,05
0.31774625,0.50503844,0.03588418,0.05310385,02
0.19953039,0.52131093,0.04652769,0.05086593,02
0.03890748,0.52510124,0.07665016,0.14309934,02
0.80379629,0.52751267,0.03837109,0.16919565,00
0.64810908,0.51931274,0.01916610,0.07260447,00
0.88029319,0.53154951,0.03652995,0.16025124,00
0.73921454,0.51789486,0.02395869,0.11756317,00
0.83788770,0.52753556,0.03432702,0.17459196,00
0.78397673,0.52242696,0.03414766,0.16171569,00
0.68834931,0.51333463,0.01939549,0.08400897,00
0.70891428,0.51123822,0.02143612,0.08218803,00
0.13865022,0.51748508,0.01382562,0.05851393,00

