0.93884677,0.17647256,0.02785930,0.11677949,09
0.04492193,0.18997107,0.01432929,0.06314716,09
0.43802509,0.44414005,0.21457496,0.36951876,05
0.25381181,0.49088767,0.09658470,0.10716227,05
0.31738582,0.50641942,0.03608270,0.05606240,02
0.19484214,0.52119410,0.04610924,0.05808895,02
0.03200649,0.52351820,0.06176318,0.14524065,02
0.84693569,0.53187734,0.03514731,0.17351624,00
0.74032354,0.51923615,0.02492422,0.12395891,00
0.88441068,0.53011388,0.03428935,0.16230546,00
0.70921022,0.51490855,0.02123138,0.08634780,00
0.64917219,0.51920927,0.01962505,0.07178488,00
0.80769491,0.53072846,0.04013708,0.16935116,00
0.68896878,0.51655853,0.01795626,0.08379083,00
0.78480649,0.52339065,0.03359885,0.16339055,00
0.73196679,0.51732856,0.01870593,0.10134602,00

