0.94925046,0.16982175,0.02613398,0.12172876,09
0.48386398,0.29763642,0.04436037,0.04744387,09
0.07184691,0.19012682,0.01576344,0.05906727,09
0.43699476,0.44561401,0.21462333,0.36294404,05
0.25270337,0.49099833,0.09562843,0.10338879,05
0.19383286,0.52585316,0.05216030,0.05022570,02
0.31710321,0.50598580,0.03688209,0.05800186,02
0.03084339,0.56976026,0.05922331,0.23399480,02
0.84976560,0.53733802,0.03645593,0.18301269,00
0.74180490,0.51883012,0.02390179,0.11708348,00
0.88992059,0.53050411,0.02447343,0.14794441,00
0.71180981,0.51643568,0.02288103,0.08917706,00
0.65035051,0.52099520,0.01913255,0.07921913,00
0.81898588,0.53225702,0.03858608,0.18186979,00
0.69001955,0.51903975,0.01820352,0.08176750,00
0.80221295,0.52943486,0.03971381,0.17997029,00
0.05620300,0.51385462,0.01266285,0.06768385,00
0.78297812,0.51690078,0.02138334,0.12992258,00

