0.95701420,0.16708627,0.02740076,0.11745530,09
0.03511181,0.18570113,0.01497634,0.06170548,09
0.43621445,0.44590017,0.21325976,0.36635000,05
0.25185633,0.49245232,0.09837324,0.09844486,05
0.19099239,0.52945584,0.05899702,0.04733530,02
0.02770654,0.57029462,0.05630847,0.23825049,02
0.31714755,0.50809139,0.03841709,0.05661494,02
0.85717160,0.53753537,0.03344691,0.18120515,00
0.89352286,0.53345114,0.02527311,0.16853593,00
0.82231492,0.53638589,0.03795728,0.18964511,00
0.74474293,0.52534181,0.02472831,0.11070260,00
0.71161604,0.51815945,0.02180885,0.09381216,00
0.65077859,0.52124536,0.01881474,0.07683341,00
0.69115931,0.51972103,0.01780134,0.08465526,00
0.79964817,0.52833569,0.03605022,0.18654020,00
0.78142989,0.53002298,0.01691109,0.10387965,00
0.09927523,0.52658451,0.01523022,0.06278969,00
0.05413909,0.51981223,0.01605345,0.07180081,00
0.60776418,0.51711333,0.01342179,0.05188298,00

