0.96976471,0.16143253,0.02964534,0.11279622,09
0.43610984,0.44649717,0.21133794,0.37374574,05
0.24972817,0.49433273,0.09481306,0.09867838,05
0.02297929,0.57255143,0.04844466,0.22205724,02
0.31253687,0.51061350,0.03814692,0.05265157,02
0.18869960,0.53000844,0.05884308,0.04981620,02
0.82845575,0.53559953,0.03664450,0.19235735,00
0.86163330,0.53727442,0.03235642,0.18327115,00
0.89976162,0.53942746,0.03382097,0.15880790,00
0.80155897,0.52920973,0.03473970,0.18771912,00
0.65131050,0.52565259,0.01925545,0.08426087,00
0.75207508,0.52653039,0.02022291,0.11186402,00
0.71185631,0.52044165,0.02114615,0.09457683,00
0.69181246,0.52088243,0.01686506,0.08948148,00
0.09869915,0.52761662,0.01472145,0.06682164,00
0.04913789,0.52052295,0.01704474,0.06859463,00
0.78161031,0.53200138,0.01667332,0.09686510,00
0.73173451,0.51900017,0.01501887,0.08772558,00

