0.97822070,0.15770535,0.03025704,0.12628961,09
0.43838465,0.44685197,0.21259856,0.36268887,05
0.25143719,0.49398491,0.09574596,0.09824552,05
0.18084833,0.53121597,0.06020546,0.05209517,02
0.31015205,0.51133645,0.03834962,0.05261489,02
0.01782654,0.57293999,0.03847107,0.21309622,02
0.83226556,0.53667575,0.03630458,0.19659297,00
0.90476578,0.53463310,0.02532920,0.16235578,00
0.75455844,0.52734667,0.02259157,0.11729188,00
0.86547339,0.53785717,0.03386241,0.17659204,00
0.71168882,0.52583325,0.01981634,0.08915062,00
0.65250671,0.52674085,0.02026073,0.08307879,00
0.79436088,0.53095537,0.01936000,0.12529024,00
0.73293746,0.52685785,0.01501950,0.08973065,00
0.04498433,0.52539140,0.01945246,0.06642148,00
0.69328380,0.52634674,0.01591232,0.08480806,00
0.09548955,0.52860773,0.01524821,0.06512263,00
0.80704546,0.53260589,0.03332692,0.16998555,00

