0.98406982,0.14549264,0.03189300,0.13283721,09
0.05018735,0.18457669,0.02507855,0.07449364,09
0.43744639,0.44658834,0.21104901,0.37367013,05
0.24701856,0.49331397,0.09849085,0.10303350,05
0.18097368,0.53068554,0.06446138,0.05378859,02
0.31000474,0.51253963,0.03807480,0.05164780,02
0.01480520,0.57012981,0.03186862,0.22506820,02
0.75603813,0.52653998,0.02291424,0.11995970,00
0.87404871,0.54060107,0.03460495,0.18074746,00
0.79576004,0.53016269,0.01966811,0.12512545,00
0.90874851,0.54008847,0.03288962,0.16686720,00
0.83247972,0.53715640,0.04022804,0.19148467,00
0.71318781,0.52592456,0.02022135,0.09264600,00
0.04201786,0.52533793,0.02045544,0.06884971,00
0.65263814,0.52673274,0.01916199,0.07940701,00
0.73404497,0.52666533,0.01721129,0.08948933,00
0.69516861,0.52629465,0.01515702,0.08811995,00
0.09398944,0.52969009,0.01443448,0.06403923,00
0.84755927,0.53477657,0.03270314,0.17604624,00

