0.44267279,0.46356699,0.21551369,0.34824568,05
0.24568829,0.49416071,0.09732412,0.10079181,05
0.17989506,0.53055161,0.06568853,0.05331083,02
0.30839196,0.51502299,0.03801842,0.05060725,02
0.87955272,0.54138738,0.03325320,0.19292542,00
0.91411620,0.54062843,0.03200235,0.16912629,00
0.84655261,0.53548634,0.03301904,0.19112872,00
0.75878131,0.52838367,0.02369410,0.11129812,00
0.03723458,0.52763522,0.02196824,0.07388306,00
0.71397066,0.52652228,0.02263147,0.09465472,00
0.80013549,0.53328353,0.01904615,0.12123483,00
0.65442985,0.52731341,0.02037867,0.07978117,00
0.82865101,0.53565413,0.04047855,0.19799007,00
0.73479104,0.52669275,0.01560179,0.08882219,00
0.81151021,0.53460723,0.03521336,0.16805230,00
0.74183154,0.52904010,0.01931827,0.09687106,00
0.70085508,0.52750331,0.01704518,0.08660059,00
0.08650385,0.52871168,0.01514121,0.06202887,00

