0.43833637,0.44693661,0.21774749,0.37382585,05
0.24669351,0.49358675,0.09390645,0.10047241,05
0.30782297,0.51444417,0.03668910,0.05168254,02
0.17809004,0.52988970,0.06133948,0.05342777,02
0.00746047,0.55890363,0.01508020,0.12591414,02
0.88396323,0.53952116,0.03379065,0.20124702,00
0.80529642,0.53261465,0.02319699,0.12904544,00
0.85093737,0.53670245,0.03345671,0.20369013,00
0.76694196,0.52951771,0.02441974,0.11426685,00
0.91802520,0.53918803,0.03375164,0.17725302,00
0.03669217,0.52665043,0.02039480,0.07170280,00
0.65438509,0.52803534,0.02074395,0.08382433,00
0.83096212,0.53287071,0.03511239,0.20743810,00
0.71366668,0.52661830,0.02193266,0.09522975,00
0.73949116,0.52755910,0.02076124,0.09016529,00
0.75864750,0.52757829,0.02118560,0.10634761,00
0.08595865,0.52870601,0.01474968,0.06178201,00
0.70049262,0.52040285,0.01678606,0.09140508,00

