0.43759808,0.44670561,0.20956571,0.37492695,05
0.24531440,0.49170199,0.09584264,0.10243671,05
0.17607208,0.52924025,0.06806362,0.05637022,02
0.30684632,0.51424724,0.03757360,0.05051150,02
0.88869017,0.53906947,0.03470289,0.19607069,00
0.92508364,0.54078895,0.03446606,0.17085266,00
0.85851800,0.53536052,0.03780785,0.20025183,00
0.76884282,0.52743059,0.02490999,0.12040830,00
0.83259726,0.53305131,0.03542614,0.19765626,00
0.03193585,0.52696246,0.02008370,0.07644028,00
0.71552634,0.52697551,0.02121616,0.09188955,00
0.80927092,0.52916664,0.02166069,0.11799085,00
0.73964316,0.52708012,0.01975985,0.08532100,00
0.65560889,0.52747363,0.01992474,0.08404541,00
0.70057881,0.52814710,0.01559430,0.08691746,00
0.75725204,0.52848703,0.01769242,0.10662032,00
0.08220907,0.52981138,0.01843368,0.07023655,00
0.60328728,0.52845818,0.01453717,0.04912008,00

