0.44603276,0.46264535,0.20801887,0.34640566,05
0.24270149,0.49181134,0.09805245,0.09640300,05
0.17627969,0.53043544,0.07195118,0.05379542,02
0.30592269,0.51413137,0.03652735,0.04930678,02
0.92995059,0.54277778,0.03566775,0.17686157,00
0.89740855,0.53981918,0.03624851,0.19626461,00
0.77055323,0.52745360,0.02605076,0.12316234,00
0.83709282,0.53309745,0.03580564,0.20241231,00
0.02932298,0.52627271,0.01795362,0.07504715,00
0.73994404,0.52065563,0.02223170,0.09867469,00
0.85929930,0.53534865,0.03935339,0.20477238,00
0.71506131,0.52814555,0.02210862,0.08816499,00
0.88289392,0.53525764,0.03698573,0.19417922,00
0.65588278,0.52672344,0.02090996,0.08717288,00
0.81209314,0.53200543,0.02094445,0.11657293,00
0.60245287,0.52033228,0.02125182,0.07013608,00
0.08100946,0.52758676,0.01376493,0.06671887,00
0.70244169,0.52916682,0.01757811,0.08328798,00

