0.02044012,0.15941137,0.02906301,0.08194401,09
0.44353667,0.44681987,0.20465055,0.37725651,05
0.24141149,0.49290442,0.09997377,0.10177483,05
0.17442462,0.52823508,0.07051674,0.05487839,02
0.30436367,0.51214486,0.03723872,0.05396533,02
0.90181261,0.53792840,0.03644957,0.19959563,00
0.74115533,0.52538496,0.02180733,0.09520660,00
0.81882113,0.53398776,0.02241079,0.12874323,00
0.87317878,0.53654057,0.03503054,0.19547115,00
0.93445206,0.54242939,0.03505047,0.17818493,00
0.84995580,0.53335607,0.04129242,0.20132735,00
0.77073985,0.52757955,0.02277250,0.12206794,00
0.02381547,0.52577496,0.02054209,0.08295572,00
0.71631712,0.52942693,0.02329679,0.08904476,00
0.70254886,0.52803677,0.01609199,0.08654431,00
0.65937674,0.52605939,0.01845808,0.07752909,00
0.60075068,0.51809430,0.02492829,0.07237380,00

