0.01530654,0.14526209,0.02635500,0.08272628,09
0.44289613,0.44427162,0.20570536,0.36997366,05
0.24059930,0.48997471,0.10078250,0.10283521,05
0.16768494,0.52586335,0.06816540,0.05953506,02
0.30003718,0.51244283,0.03223985,0.04913995,02
0.84983355,0.53717554,0.04157849,0.22404163,00
0.91023368,0.54017371,0.03587972,0.20600098,00
0.74166471,0.52041882,0.02317225,0.10238114,00
0.87982810,0.53767085,0.03948304,0.21149619,00
0.93863028,0.54176587,0.03420255,0.18369029,00
0.82139730,0.53492379,0.02022754,0.12456709,00
0.02092190,0.52093178,0.02000120,0.08203553,00
0.77175069,0.52933562,0.02406899,0.12981154,00
0.65945542,0.52630430,0.01962621,0.08244663,00
0.60221624,0.51694167,0.02101476,0.07296415,00
0.70375901,0.52831686,0.01799957,0.08425627,00
0.71735376,0.52005005,0.02222183,0.08482253,00
0.80856210,0.51603568,0.01562668,0.09217273,00
0.78121263,0.51868230,0.02079070,0.10998469,00

