0.01012270,0.14320689,0.01876250,0.08304995,09
0.44625172,0.44605303,0.20852931,0.36682808,05
0.23969507,0.48784801,0.10302291,0.10237915,05
0.16772628,0.52565444,0.07181114,0.06159324,02
0.29947272,0.51162773,0.03901498,0.05431498,02
0.85949165,0.53589165,0.03907082,0.21853466,00
0.88738292,0.53911543,0.03765451,0.21771972,00
0.91604263,0.54050827,0.03322078,0.21468413,00
0.78264433,0.52775383,0.02239395,0.12548307,00
0.74244398,0.52571696,0.02415159,0.09096011,00
0.82468832,0.53582096,0.02066349,0.12675960,00
0.01831551,0.52105451,0.01924941,0.08078446,00
0.66058522,0.52609891,0.01983494,0.07909542,00
0.94896728,0.54296052,0.03483912,0.17946218,00
0.70506275,0.53040200,0.01819904,0.07992178,00
0.71884322,0.53212589,0.02531725,0.08278409,00
0.76759171,0.52838093,0.02078270,0.11463468,00

