0.00834171,0.13666190,0.01723621,0.10749118,09
0.44751981,0.44553697,0.20910108,0.36256191,05
0.24019909,0.48616883,0.10308395,0.10419728,05
0.29729801,0.51175231,0.03232872,0.05044324,02
0.16602679,0.52596545,0.06947377,0.05799509,02
0.86447614,0.53768080,0.04171878,0.23314321,00
0.92578918,0.54057086,0.03568007,0.21655504,00
0.74350941,0.52023715,0.02263160,0.09721715,00
0.78361529,0.52651739,0.02419265,0.12097208,00
0.83181524,0.53635651,0.02496479,0.12922049,00
0.01637614,0.52071005,0.01949781,0.07825700,00
0.90158731,0.53909039,0.03891731,0.21967465,00
0.66075808,0.52676278,0.02071887,0.08042711,00
0.95316875,0.54282892,0.03386734,0.19012833,00
0.71774369,0.51798356,0.02349060,0.09210564,00
0.76989269,0.51687282,0.01779475,0.11319064,00
0.33482856,0.50898916,0.01104708,0.06731018,00

