0.44696769,0.44599637,0.21111274,0.36796445,05
0.23414928,0.48958743,0.10874175,0.10942186,05
0.16339880,0.52563494,0.07572524,0.05815054,02
0.29585287,0.51223683,0.03884957,0.05513373,02
0.87473166,0.53602707,0.04986790,0.22795570,00
0.83765388,0.53371680,0.02587061,0.12316351,00
0.90431231,0.53973836,0.04205259,0.22725494,00
0.81871337,0.51777852,0.02309687,0.11942908,00
0.74529415,0.52074128,0.02348311,0.09800033,00
0.93171543,0.53941274,0.03455742,0.22396111,00
0.66220129,0.52730280,0.02112240,0.08565584,00
0.01052157,0.51873899,0.01816610,0.07947584,00
0.79151136,0.52683526,0.02101484,0.11980914,00
0.71695065,0.51870281,0.02332718,0.09484308,00
0.78333253,0.52010512,0.02142650,0.11875257,00
0.95926726,0.54058075,0.03421434,0.18944182,00
0.33362988,0.51278591,0.01092282,0.05852422,00

