0.44764799,0.44447985,0.21021619,0.36028948,05
0.23261297,0.48604709,0.10921864,0.11513013,05
0.16178820,0.52582067,0.07468612,0.05795725,02
0.29473886,0.51186734,0.03751311,0.05266740,02
0.87792748,0.53753829,0.04919714,0.24412678,00
0.79245776,0.53057843,0.02510977,0.13541466,00
0.91068208,0.54060793,0.04525963,0.23375121,00
0.74506152,0.52706361,0.02329286,0.08961762,00
0.84067744,0.54111511,0.02880718,0.12949307,00
0.82187432,0.51850468,0.02290734,0.11646935,00
0.66419494,0.52671659,0.01981878,0.08572365,00
0.94088113,0.53979480,0.03304908,0.23488393,00
0.00873749,0.51685739,0.01574331,0.08218542,00
0.71619785,0.51947033,0.02181594,0.09500495,00
0.09828285,0.51704490,0.02030914,0.07951276,00
0.96331453,0.55314106,0.03366507,0.17760007,00
0.33342582,0.51207775,0.01101728,0.05732527,00

