0.44718781,0.44525632,0.21032397,0.36145508,05
0.23140617,0.48570910,0.11575825,0.11604689,05
0.29361588,0.51140046,0.03796936,0.05287379,02
0.16091891,0.52575278,0.07110734,0.05621407,02
0.88378567,0.53701532,0.04663833,0.25143820,00
0.79488003,0.52976167,0.02452935,0.13675341,00
0.84592044,0.53983897,0.02765618,0.14037415,00
0.82388109,0.52625924,0.02403980,0.14070132,00
0.66426516,0.52678895,0.02044258,0.08899207,00
0.74490899,0.52722454,0.02325560,0.08802315,00
0.91526401,0.54094541,0.04690494,0.25083637,00
0.00991086,0.51978642,0.01745173,0.07321971,00
0.96092302,0.53903359,0.03520910,0.21129824,00
0.71772373,0.52963650,0.02154622,0.09472444,00
0.93419695,0.54096591,0.04232235,0.24190274,00
0.60109621,0.51834261,0.02509082,0.07027754,00
0.77831525,0.51791155,0.02153382,0.10970703,00

