0.44633970,0.44603160,0.20939896,0.35360575,05
0.23298568,0.48848912,0.10900395,0.11477034,05
0.15368272,0.52683657,0.06828966,0.05693585,02
0.29229736,0.51106930,0.03741340,0.05172131,02
0.89207000,0.54032630,0.04715535,0.25361213,00
0.93051678,0.53956854,0.04635695,0.24496238,00
0.85154843,0.53814805,0.02677181,0.13982832,00
0.79676074,0.53055233,0.02557266,0.13574784,00
0.74540395,0.52679807,0.02594460,0.09323878,00
0.96325225,0.54085237,0.03916382,0.23458903,00
0.82709044,0.51944166,0.02668746,0.13000037,00
0.66381228,0.52659649,0.02134062,0.08665822,00
0.60127944,0.51862097,0.02480438,0.07273570,00
0.71765512,0.52929586,0.02063295,0.09000014,00
0.00733642,0.52006447,0.01618155,0.07763463,00
0.09436522,0.52717811,0.01830641,0.06663867,00

