0.44684520,0.44487640,0.20824274,0.34682262,05
0.23031192,0.48883221,0.10933927,0.10890597,05
0.15301219,0.52603906,0.07721816,0.06020846,02
0.28734818,0.51031035,0.03914414,0.05352440,02
0.90326101,0.54140985,0.05368329,0.26053220,00
0.86056429,0.53536677,0.03337496,0.15151921,00
0.79939836,0.53289241,0.03551606,0.14841965,00
0.83254278,0.51973474,0.02785308,0.13036600,00
0.66584456,0.52752048,0.02206629,0.08763873,00
0.74561059,0.52730870,0.02706862,0.09384318,00
0.96768910,0.55223066,0.04821978,0.23772091,00
0.93843329,0.54074770,0.04769405,0.24580263,00
0.60186023,0.51773483,0.02286312,0.07375376,00
0.71890688,0.52957284,0.02072144,0.09101670,00
0.00466402,0.51877356,0.01170207,0.08328221,00

