0.44942689,0.46399423,0.20130295,0.31629646,05
0.22774661,0.48957089,0.10666551,0.11672509,05
0.15126127,0.52659196,0.08029887,0.06066552,02
0.28654236,0.50999415,0.04131910,0.05458825,02
0.91187537,0.53865492,0.05420639,0.26308736,00
0.95402700,0.54058498,0.05309720,0.24983825,00
0.80711824,0.53176969,0.02548068,0.14061049,00
0.66735196,0.52708960,0.02171660,0.08867684,00
0.86274415,0.53514087,0.03724224,0.15078256,00
0.83538622,0.52681082,0.02587290,0.13618441,00
0.60231215,0.51699710,0.02303279,0.07518692,00
0.74557024,0.52761847,0.02841416,0.09271192,00
0.98376584,0.53894234,0.02717425,0.24001601,00
0.71950734,0.51917922,0.02174712,0.09896405,00
0.75394440,0.52036071,0.02040314,0.09814212,00

