0.44614983,0.44593865,0.20465270,0.35943899,05
0.22690070,0.48834407,0.10465816,0.11857648,05
0.28594810,0.51026732,0.04354947,0.05604599,02
0.15014383,0.52586204,0.07920195,0.05972847,02
0.91786075,0.53833830,0.05536818,0.25617728,00
0.80940104,0.52944005,0.02487976,0.13857313,00
0.60200232,0.51717627,0.02431743,0.07568410,00
0.66761291,0.52745426,0.02222983,0.08620919,00
0.96074367,0.55155486,0.05247869,0.26808083,00
0.83739924,0.52624875,0.02364658,0.13946871,00
0.86988080,0.53926116,0.03640339,0.15212813,00
0.74762040,0.51975590,0.02547959,0.09812585,00
0.98589516,0.55415159,0.02846827,0.25491807,00
0.79587954,0.51661974,0.01898832,0.12446888,00
0.72850883,0.53140378,0.02337388,0.08576734,00
0.08164638,0.52706653,0.02189054,0.07272437,00

