0.22488132,0.48913032,0.10494869,0.11995107,05
0.44848984,0.44661346,0.20768610,0.34876624,05
0.14803873,0.52713346,0.07295724,0.05595421,02
0.28331143,0.51168489,0.04006204,0.05594452,02
0.92733908,0.53762001,0.05954213,0.26457757,00
0.66846955,0.52704501,0.02238294,0.08803440,00
0.87585580,0.54056555,0.03615787,0.16865683,00
0.81913072,0.52966166,0.02426315,0.13099279,00
0.60246587,0.51785696,0.02452365,0.07637916,00
0.96977335,0.53957427,0.05436939,0.26233396,00
0.84024578,0.51804745,0.02430605,0.11956135,00
0.80815238,0.52955711,0.02306046,0.13097745,00
0.71661967,0.51990598,0.01727124,0.09716648,00
0.75234890,0.51988739,0.02371177,0.09784831,00
0.32345557,0.50814664,0.01062781,0.07204158,00
0.72829419,0.51976746,0.02004216,0.09982274,00
0.07510895,0.52706873,0.02354385,0.06785604,00

