0.22286184,0.48765218,0.10337296,0.11914157,05
0.44868383,0.44544655,0.20537578,0.35721162,05
0.28272146,0.51214212,0.03996835,0.05403867,02
0.14849931,0.52788752,0.07166278,0.05475685,02
0.93870032,0.53907394,0.06946307,0.28891996,00
0.82134068,0.53214866,0.02664760,0.13997437,00
0.88454509,0.53902656,0.03443943,0.16955513,00
0.66896623,0.52683085,0.02220045,0.09040067,00
0.71499026,0.51997465,0.01661311,0.09877720,00
0.07229918,0.52642721,0.02364767,0.07627775,00
0.75285399,0.51971757,0.02211436,0.09905997,00
0.84472865,0.51877999,0.02599761,0.11892138,00
0.60207921,0.51681352,0.02444441,0.07624816,00
0.32313570,0.50854909,0.01107305,0.07525938,00
0.73008245,0.52936709,0.02222588,0.09406558,00
0.76927316,0.51602864,0.01547685,0.09102017,00
0.03754444,0.52573979,0.02013280,0.07605281,00
0.90254259,0.51634955,0.01606989,0.09581249,00
0.98107004,0.56481737,0.03922973,0.24511522,00
0.80589235,0.52862674,0.01996155,0.13954146,00

