0.21979266,0.48798484,0.10824347,0.11742526,05
0.45069021,0.44553208,0.21191894,0.34740883,05
0.27952552,0.51192129,0.03931816,0.05261128,02
0.13881174,0.52767754,0.08067263,0.06032025,02
0.95423359,0.55203307,0.06569055,0.28936350,00
0.89205629,0.53856039,0.03745322,0.15776722,00
0.71804065,0.52063900,0.01769993,0.09265890,00
0.67249030,0.52727681,0.02108128,0.08884308,00
0.60272640,0.51728666,0.02619181,0.07550099,00
0.82422847,0.52987075,0.02463494,0.14147192,00
0.75448751,0.52039325,0.02120116,0.09807374,00
0.85063761,0.51739639,0.02215913,0.12357630,00
0.06883444,0.52692157,0.02163422,0.07639513,00
0.73358423,0.52954990,0.01850277,0.09838168,00
0.80751699,0.52971429,0.02122401,0.12709811,00
0.76890355,0.51713705,0.01394544,0.08972051,00
0.98575610,0.55709636,0.02563188,0.29148293,00
0.92683172,0.51551187,0.02096208,0.11566807,00
0.03214027,0.52558970,0.02120909,0.07126798,00

