0.21714416,0.48723823,0.10867845,0.11619723,05
0.45145833,0.44545501,0.21401690,0.34362966,05
0.13857022,0.52638584,0.08171237,0.06748819,02
0.27935636,0.51183367,0.04089074,0.05324873,02
0.89731145,0.54162133,0.04131648,0.17898470,00
0.71825743,0.51972711,0.01819543,0.08977074,00
0.95953459,0.55389333,0.06794851,0.33584729,00
0.67273778,0.52673042,0.02052056,0.08681340,00
0.83158118,0.53147739,0.02729847,0.13601667,00
0.75500584,0.51803237,0.02058560,0.09602264,00
0.60176063,0.51638180,0.02676046,0.07633166,00
0.85216433,0.51696324,0.02312039,0.11665161,00
0.03067471,0.52554452,0.01852143,0.07127596,00
0.06299585,0.52642953,0.02160703,0.07349341,00
0.77008945,0.51377773,0.01398556,0.08617824,00
0.73378801,0.51896721,0.01670755,0.09675425,00
0.80879325,0.53356737,0.02202316,0.11118031,00
0.93176001,0.53200173,0.02140946,0.13495192,00

