0.49253047,0.29375783,0.04381163,0.04324333,09
0.21716456,0.48695654,0.10698346,0.10937695,05
0.45090851,0.47012389,0.20462543,0.31148037,05
0.13676938,0.52730799,0.07931729,0.06272361,02
0.27841213,0.51262313,0.04253123,0.05197025,02
0.90256768,0.54207873,0.04278830,0.17351609,00
0.71797889,0.51952410,0.01903970,0.09146053,00
0.67342353,0.52645320,0.02128289,0.08686829,00
0.96307772,0.53793877,0.06674490,0.33510834,00
0.83250064,0.53406620,0.03851779,0.14747269,00
0.06106845,0.52667147,0.02014785,0.07220682,00
0.75652570,0.51870859,0.01981617,0.10333466,00
0.73934472,0.53022557,0.02365217,0.09712583,00
0.60036188,0.51758331,0.02872725,0.07608551,00
0.85690528,0.51832592,0.02490557,0.12664804,00
0.02852511,0.52553111,0.01766084,0.06998666,00
0.32007727,0.51044387,0.01296963,0.06365246,00

