0.21625306,0.48672241,0.11143851,0.11688235,05
0.45234498,0.47318211,0.21026286,0.29558077,05
0.27212781,0.51266944,0.03886092,0.05344092,02
0.13511062,0.53025335,0.07769737,0.05463033,02
0.91439426,0.54092789,0.04015473,0.17798409,00
0.71978205,0.51923406,0.01938107,0.09674355,00
0.67444658,0.52929389,0.01986722,0.09032153,00
0.97935694,0.53704292,0.04246115,0.31907764,00
0.05695572,0.52560753,0.02133023,0.07424343,00
0.83620811,0.53293312,0.03826977,0.14672470,00
0.60037941,0.51851034,0.02947940,0.07674609,00
0.75946122,0.52007544,0.02019332,0.10426860,00
0.81204903,0.52942818,0.02313323,0.10080939,00
0.74078482,0.52983934,0.02186683,0.09205980,00
0.02144588,0.52693659,0.02053873,0.07224482,00
0.95472318,0.53900355,0.03456832,0.20330729,00
0.86103964,0.52657211,0.02124868,0.14681166,00

