0.37089917,0.25089675,0.01887572,0.04913652,09
0.49347475,0.29213223,0.04415290,0.04363301,09
0.21426487,0.48588106,0.11261700,0.11681425,05
0.45190775,0.47188714,0.20975335,0.32299331,05
0.27004761,0.51294875,0.03916564,0.05492098,02
0.12742016,0.52720022,0.08054561,0.06358106,02
0.92307061,0.54248655,0.04258770,0.17886734,00
0.67596400,0.52762359,0.01942990,0.09300202,00
0.72180623,0.51928347,0.02147683,0.09580567,00
0.84837353,0.53778028,0.03853039,0.15634839,00
0.96575236,0.55546844,0.03972853,0.22927924,00
0.60131311,0.51741797,0.02803743,0.07858988,00
0.75998485,0.52750355,0.02588462,0.10990291,00
0.05078093,0.52833951,0.02056805,0.06911682,00
0.01896844,0.52587718,0.02060203,0.06778276,00
0.74269873,0.52932400,0.01940006,0.09488666,00
0.98516232,0.53177142,0.02847736,0.30418888,00
0.80943269,0.52834147,0.01780349,0.09674747,00
0.82412231,0.52982306,0.02518193,0.12480555,00
0.78304994,0.51412082,0.01789057,0.08971626,00
0.89843822,0.51410192,0.01974617,0.10012279,00

