0.37051749,0.25277612,0.02467138,0.06625926,09
0.45147911,0.46839318,0.20774888,0.32925251,05,06
0.21346873,0.48824978,0.11338925,0.11691874,05
0.12614387,0.52832067,0.07972553,0.06062099,02
0.26882616,0.51348555,0.03747920,0.05342702,02
0.93034351,0.54098225,0.04117186,0.18418160,00
0.85432386,0.53341764,0.03956409,0.16125211,00
0.67656887,0.52880448,0.01997349,0.09342232,00
0.72192556,0.51864088,0.02246795,0.09683176,00
0.60054964,0.51534593,0.02829552,0.08082227,00
0.04833182,0.52800429,0.02121686,0.07845762,00
0.74345821,0.53072917,0.01935290,0.10095728,00
0.01599197,0.52562511,0.02037615,0.07128175,00
0.97084606,0.55433053,0.03982506,0.23354037,00
0.81225854,0.52706391,0.02013701,0.09919452,00
0.76064330,0.51922804,0.02071814,0.10199127,00
0.78417408,0.51227754,0.01853138,0.08756140,00

