0.37046570,0.24766953,0.02339815,0.06352041,09
0.45129696,0.46677175,0.20631360,0.33903739,05,06
0.21297616,0.48933586,0.11275043,0.12210052,05
0.12463664,0.52974707,0.08224063,0.05918031,02
0.26783702,0.51311064,0.03852998,0.05301589,02
0.93997496,0.54107618,0.04257694,0.18634956,00
0.86039335,0.53351575,0.04201861,0.16319670,00
0.67873418,0.52741617,0.02187179,0.09044475,00
0.72490489,0.52024078,0.02460737,0.10156251,00
0.98250490,0.57989001,0.03212443,0.26570711,00
0.04590506,0.52911150,0.02057204,0.07629117,00
0.59894413,0.51706493,0.02839698,0.08023606,00
0.81407052,0.52883083,0.02324952,0.09394158,00
0.74655372,0.52955890,0.01882638,0.10416706,00
0.30995581,0.51231229,0.01242412,0.07123479,00
0.83602792,0.51735491,0.02267113,0.13456370,00
0.00989526,0.52787918,0.01530930,0.08390647,00

