0.35060340,0.23880547,0.01436533,0.05677840,09
0.45192060,0.46929747,0.20931470,0.33848631,05,06
0.21271768,0.48854244,0.11775696,0.11888073,05
0.12322387,0.52936286,0.07865688,0.05815802,02
0.26734883,0.51385874,0.04112554,0.05263414,02
0.68092448,0.52767551,0.02218117,0.09238891,00
0.95027745,0.54094326,0.04189935,0.19570179,00
0.72524226,0.52001297,0.02496964,0.10122587,00
0.86215609,0.53307927,0.04259243,0.16770846,00
0.98458499,0.54021162,0.02885074,0.20844100,00
0.81873441,0.52903634,0.02360634,0.09721263,00
0.60100812,0.51814812,0.02688497,0.07866762,00
0.91120923,0.52999640,0.02361554,0.13979481,00
0.04168046,0.52991372,0.02210094,0.07178044,00
0.75484449,0.53043872,0.02296039,0.10081406,00
0.30868238,0.51228082,0.01210065,0.05835417,00

