0.20719612,0.49002975,0.12520441,0.12136070,05
0.45343149,0.46936908,0.21102133,0.34058535,05
0.12262042,0.53021735,0.08191083,0.05651361,02
0.68138522,0.52731884,0.02268688,0.09027427,00
0.72544986,0.51983267,0.02437027,0.10627872,00
0.96099663,0.54291415,0.04502086,0.19007124,00
0.87543297,0.53443289,0.04104743,0.17847033,00
0.82020026,0.53061146,0.02424360,0.10047353,00
0.60044575,0.51809722,0.02963198,0.07905284,00
0.03629588,0.53051215,0.02313603,0.07433633,00
0.75405425,0.52897304,0.02047622,0.11164879,00
0.98849034,0.53756374,0.02306908,0.21515855,00
0.86043638,0.53183168,0.03953771,0.17481305,00
0.91566324,0.53351969,0.02497776,0.12770474,00
0.30783150,0.51111329,0.01545307,0.08356147,00
0.93926382,0.51581609,0.02136276,0.11231384,00
0.76962566,0.52934885,0.02164405,0.10624383,00

