0.36032841,0.23514716,0.01574562,0.05189539,09
0.20513134,0.48827073,0.11912063,0.12121761,05
0.45387548,0.46998763,0.21163240,0.33804074,05
0.11378651,0.52776688,0.08199109,0.06332425,02
0.26058426,0.51317835,0.04096884,0.05618257,02
0.96830982,0.55227375,0.04270911,0.19641367,00
0.72627622,0.52046031,0.02630433,0.10720109,00
0.68239760,0.53060758,0.02646173,0.09317380,00
0.88125813,0.54045928,0.04325284,0.17850284,00
0.82188445,0.53353590,0.02513823,0.09028946,00
0.75757372,0.52973419,0.02264568,0.11746297,00
0.60150832,0.51829523,0.02733028,0.07867423,00
0.86043197,0.53317332,0.03608894,0.16277049,00
0.94157660,0.51689601,0.02030591,0.11627803,00
0.92291528,0.53626239,0.02446835,0.11840533,00
0.77086979,0.52997535,0.02480515,0.11327395,00
0.78192621,0.53045064,0.02383289,0.11512544,00

