0.36020422,0.23536678,0.01390659,0.05434642,09
0.20249219,0.48794860,0.11439341,0.12477630,05
0.45108584,0.44505808,0.21438378,0.35692391,05
0.11173984,0.52900350,0.08205557,0.06207827,02
0.25920382,0.51261884,0.04324400,0.05660013,02
0.98031878,0.55460835,0.03670141,0.18991411,00
0.72688371,0.52107787,0.02720674,0.10309279,00
0.68612093,0.53000462,0.02352869,0.09780838,00
0.76038206,0.53000653,0.02383284,0.12042442,00
0.88545436,0.53908867,0.04690672,0.17835371,00
0.60142428,0.51871514,0.02766805,0.07967695,00
0.86556798,0.53120118,0.03357407,0.16327792,00
0.82405573,0.53812748,0.02600580,0.09300399,00
0.02794172,0.53301316,0.02072795,0.07466657,00
0.92842412,0.53342259,0.02534024,0.11243616,00
0.94971389,0.51851314,0.01961898,0.12651163,00
0.78170991,0.53004676,0.02198971,0.11508020,00

