0.35971996,0.23278704,0.01225314,0.05352195,09
0.19842599,0.48819032,0.11136402,0.13096423,05
0.45125109,0.44456023,0.21586202,0.36181113,05
0.25731423,0.51328498,0.04409515,0.05639857,02
0.11119287,0.52864480,0.08446659,0.06187183,02
0.72915262,0.52585447,0.02757639,0.10326771,00
0.68809354,0.52929556,0.02360904,0.09748014,00
0.90080565,0.54288179,0.04781632,0.18731649,00
0.98562449,0.55476075,0.02558831,0.20382293,00
0.95398521,0.51870906,0.02265663,0.12870386,00
0.60112548,0.51917845,0.02677590,0.07981439,00
0.94170702,0.53456092,0.03621675,0.14947854,00
0.82597482,0.53730607,0.02638831,0.10050325,00
0.87944013,0.53478593,0.04103970,0.17782436,00
0.76891440,0.52958852,0.02363905,0.11450672,00
0.02257493,0.53456002,0.02220691,0.07457549,00
0.78041637,0.53237629,0.02539621,0.10905164,00

