0.35811126,0.23002425,0.01288089,0.05626185,09
0.19794039,0.48773217,0.11048231,0.12732752,05
0.45124891,0.44498786,0.21759818,0.35448429,05
0.10967169,0.53045338,0.07913165,0.05995105,02
0.25578174,0.51418018,0.04047133,0.05574587,02
0.73044050,0.52601218,0.02809709,0.10279699,00
0.69088674,0.52894002,0.02214897,0.09663429,00
0.90934038,0.54301637,0.04652432,0.19864483,00
0.88025677,0.53225565,0.03793002,0.17055903,00
0.77005875,0.53046590,0.02384503,0.11799146,00
0.83150148,0.53600144,0.02839903,0.09424283,00
0.60177588,0.51924992,0.02744890,0.07823619,00
0.01885692,0.53253174,0.02183671,0.07838416,00
0.30450827,0.51202035,0.01977022,0.07959697,00
0.95674866,0.51668692,0.02086785,0.13006119,00
0.94086951,0.53021485,0.02414813,0.11471523,00

