0.19263223,0.48693612,0.11484171,0.12550807,05
0.45077199,0.44504470,0.21693818,0.35708082,05
0.25495043,0.51514590,0.04514399,0.05512011,02
0.09916579,0.53227019,0.07111552,0.05784801,02
0.73054713,0.52632564,0.02979190,0.10199264,00
0.69246900,0.52952504,0.02309458,0.09641764,00
0.88829935,0.53201371,0.04044257,0.17463991,00
0.77256328,0.52851582,0.02522035,0.12914510,00
0.92439872,0.54953140,0.04750781,0.21079083,00
0.83295238,0.53489888,0.02884554,0.09843573,00
0.60221690,0.51832521,0.02794972,0.08022908,00
0.96427333,0.51679116,0.02285547,0.12798718,00
0.01532842,0.53293961,0.02281455,0.07769905,00
0.79610085,0.53122491,0.02577469,0.12074797,00
0.80770999,0.52788532,0.02687300,0.12394040,00

