0.19183114,0.48754999,0.11326947,0.12623912,05
0.45062336,0.44446126,0.22136797,0.34886619,05
0.10035269,0.53093475,0.08382820,0.06432083,02
0.25381207,0.51414651,0.04560541,0.05404577,02
0.93007851,0.54110748,0.04985137,0.20406477,00
0.69368261,0.52862102,0.02314940,0.09537563,00
0.73209858,0.52576840,0.02867912,0.10417328,00
0.89317000,0.53123927,0.03881911,0.17260472,00
0.96561390,0.51746577,0.02448138,0.13055757,00
0.01096824,0.53136235,0.01932831,0.08405586,00
0.78013998,0.51923531,0.02400469,0.13014600,00
0.83608705,0.53263938,0.02770584,0.10029218,00
0.60181254,0.51667744,0.02704198,0.07671899,00

