0.35351065,0.22386064,0.01413147,0.04998905,09
0.19236341,0.48647332,0.11465026,0.12689343,05
0.45243308,0.44372147,0.21584982,0.36374384,05
0.09938970,0.53245169,0.08684629,0.06352548,02
0.24727081,0.51423085,0.04211049,0.05632133,02
0.27149671,0.51878196,0.05029770,0.05426927,02
0.73399693,0.52602845,0.02991620,0.09993197,00
0.90594339,0.53253043,0.04286540,0.17460459,00
0.69486463,0.52997804,0.02377710,0.09708177,00
0.93883455,0.54199070,0.04140055,0.20359850,00
0.78106481,0.53190237,0.02398805,0.12512919,00
0.83665878,0.53270561,0.02476933,0.10683534,00
0.00780778,0.53293002,0.01507159,0.09474315,00
0.60180461,0.51528281,0.02623237,0.08013700,00
0.97005415,0.53009385,0.02929592,0.18407084,00

