0.34918860,0.21280941,0.01486793,0.05838095,09
0.18867365,0.48535883,0.12002134,0.11845345,05
0.45318839,0.44132724,0.21336466,0.36105725,05
0.09565017,0.53203803,0.08329281,0.06502023,02
0.24506001,0.51638430,0.04244545,0.05677556,02
0.91545063,0.53318381,0.04201460,0.18151863,00
0.73547071,0.52517527,0.02926607,0.10861953,00
0.95210880,0.55092454,0.04800831,0.21645349,00
0.69532746,0.53013015,0.02328184,0.09930567,00
0.78424209,0.52892524,0.02553092,0.12538031,00
0.83928216,0.53408015,0.02712253,0.11957950,00
0.97859812,0.51910722,0.02193331,0.12403463,00
0.29529104,0.51400745,0.01550521,0.08161176,00
0.60865653,0.51598603,0.02357943,0.08041977,00

