0.34962207,0.21270241,0.01616650,0.05787019,09
0.45470032,0.44373161,0.21252128,0.37008697,05
0.18886165,0.48364079,0.12396776,0.11824965,05
0.09594311,0.53153867,0.08680819,0.06097495,02
0.24464728,0.51567370,0.04328186,0.05942583,02
0.73802382,0.52103317,0.02747553,0.11487003,00
0.96229494,0.54179001,0.05043084,0.21899919,00
0.92487323,0.52896029,0.03716710,0.18499780,00
0.69903010,0.52888066,0.02247330,0.09727342,00
0.84479201,0.53082758,0.02439226,0.11519587,00
0.29468507,0.51266664,0.01806384,0.08664659,00
0.60963124,0.51356137,0.02432397,0.08143824,00
0.78156519,0.51716399,0.02215382,0.11813384,00
0.79457331,0.53243750,0.02594848,0.11589608,00

