0.34771964,0.20878409,0.01455319,0.05741773,09
0.45505860,0.44205827,0.20926878,0.37943384,05
0.18783759,0.48323905,0.12814257,0.11925151,05
0.08625437,0.52930713,0.07944440,0.07146014,02
0.24508014,0.51374507,0.04493891,0.05957206,02
0.96962529,0.54001594,0.05480652,0.21961726,00
0.73867339,0.52033257,0.02731489,0.11344227,00
0.93360037,0.52802247,0.04241495,0.18223923,00
0.70058924,0.52997363,0.02336919,0.09704925,00
0.84614593,0.53040618,0.02526054,0.11562036,00
0.78120691,0.51935542,0.02202003,0.11041606,00
0.29276571,0.50870985,0.01966950,0.09077729,00
0.60805768,0.51503271,0.02765056,0.08082613,00
0.79720050,0.53331977,0.02320392,0.11587398,00

