0.34706521,0.20580256,0.01587290,0.05640791,09
0.45609283,0.44109255,0.20874363,0.38245636,05
0.17955947,0.48894793,0.13298286,0.13238385,05
0.08627004,0.52930939,0.08731437,0.06625763,02
0.24280328,0.51337826,0.04635457,0.05778680,02
0.73989874,0.52044910,0.02661245,0.11589223,00
0.70554447,0.53004694,0.02457289,0.09540376,00
0.94061613,0.52100462,0.04420211,0.18797523,00
0.78396511,0.51969981,0.01956125,0.11364491,00
0.98141068,0.55416006,0.03705956,0.20659846,00
0.80638438,0.53037941,0.02194167,0.13468786,00
0.29300532,0.51334846,0.02117589,0.08081144,00
0.60897970,0.51434338,0.03138727,0.08118777,00
0.84833568,0.52970684,0.02483240,0.11730535,00

