0.34609294,0.19934340,0.02178373,0.06759514,09
0.45553258,0.43823940,0.20252173,0.39237043,05
0.18101516,0.48641431,0.13628028,0.13417500,05
0.08534060,0.52899534,0.08563554,0.06893056,02
0.24166566,0.51265198,0.04614853,0.06042054,02
0.74087536,0.51802242,0.02642240,0.11998542,00
0.70636129,0.52880794,0.02388036,0.09674578,00
0.84641176,0.53355062,0.02628151,0.12552796,00
0.98508382,0.55380404,0.02759774,0.21574213,00
0.78560561,0.51788110,0.02201989,0.10789509,00
0.94326830,0.52031821,0.04328584,0.17904727,00
0.80685729,0.52860439,0.02516913,0.12985869,00
0.60903352,0.51731408,0.03026180,0.07595989,00
0.29291931,0.51537961,0.02195458,0.07441010,00

