0.34499839,0.19224298,0.02235453,0.07331054,09
0.17992792,0.48472252,0.13767308,0.13128826,05
0.45338225,0.43674386,0.20775637,0.38537169,05
0.23483391,0.51012933,0.04460046,0.06343181,02
0.08405938,0.52949846,0.08410485,0.06092147,02
0.74279916,0.51775104,0.02537617,0.12067913,00
0.70861948,0.52818131,0.02530400,0.09855792,00
0.79121017,0.51962829,0.02324298,0.11982519,00
0.96470422,0.52494705,0.04355595,0.19267660,00
0.85016137,0.53313649,0.02895797,0.12122731,00
0.81223112,0.52875745,0.02533057,0.12607981,00
0.94100910,0.52340883,0.03562412,0.17823198,00
0.61017305,0.51414353,0.03205553,0.08002932,00
0.99225366,0.53315717,0.01493974,0.17472982,00

