0.33728951,0.18792641,0.02414167,0.07120182,09
0.45463973,0.43608218,0.20568162,0.38355726,05
0.17552090,0.47972172,0.13643748,0.12742002,05
0.23443846,0.50844675,0.04559736,0.06544854,02
0.07369210,0.52753741,0.08929306,0.06856000,02
0.74522036,0.51609433,0.02639996,0.11929559,00
0.71197778,0.52851725,0.02647472,0.09227651,00
0.79406852,0.51888895,0.02817817,0.12936096,00
0.95293969,0.52042091,0.03699360,0.18337262,00
0.98139209,0.52307522,0.02970045,0.20140769,00
0.61147255,0.51800978,0.04344587,0.07488871,00
0.85896081,0.53094506,0.02985125,0.12073697,00

