0.33625501,0.18376091,0.02448148,0.07582042,09
0.45487088,0.43637305,0.20465791,0.38234520,05
0.17404823,0.48204312,0.13695802,0.13331747,05
0.07357831,0.52628553,0.09178479,0.07434288,02
0.23426712,0.50901270,0.04590049,0.06563505,02
0.74595439,0.51566303,0.02514534,0.11673708,00
0.95629281,0.52132803,0.03557379,0.17632057,00
0.71236217,0.52809089,0.02393221,0.09657148,00
0.79537332,0.52010578,0.02779434,0.12609601,00
0.98324615,0.52920961,0.03090111,0.19780938,00
0.82097030,0.52693743,0.02594243,0.12559852,00
0.61106789,0.51519674,0.03125282,0.08027219,00
0.86144739,0.52940345,0.02958348,0.11408526,00
0.06887341,0.49119931,0.01569573,0.02276660,00

