0.33676654,0.17760701,0.02400876,0.07045458,09
0.45654252,0.43491024,0.20741774,0.38764849,05
0.17101853,0.48148158,0.13642322,0.13408293,05
0.07260893,0.52622432,0.09562697,0.07222174,02
0.23102592,0.50967562,0.04999094,0.06451476,02
0.74754399,0.51405883,0.02586758,0.11602696,00
0.79818583,0.51951087,0.02942283,0.11974916,00
0.96445775,0.51570058,0.03899203,0.18391500,00
0.71594286,0.52698714,0.02428148,0.09542082,00
0.83328581,0.52284068,0.03832959,0.13847920,00
0.82091284,0.51906180,0.02271822,0.13002898,00
0.61119896,0.51359451,0.03098846,0.08355477,00
0.98598439,0.51981568,0.02895575,0.18700494,00

