0.33323279,0.16973087,0.02196940,0.07153943,09
0.17057173,0.47975129,0.13338262,0.13293315,05
0.45497283,0.43310297,0.20742650,0.38804501,05
0.07030759,0.52656484,0.09278878,0.06679216,02
0.22909883,0.50868326,0.04846543,0.06933047,02
0.75176889,0.51010638,0.02684344,0.11814317,00
0.83898240,0.51784295,0.03781053,0.15782353,00
0.97039723,0.51501006,0.03625359,0.18366143,00
0.71941030,0.52857614,0.02426491,0.09170019,00
0.79782695,0.51741511,0.02457401,0.11095353,00
0.61225396,0.50787979,0.02986795,0.09051941,00
0.05936601,0.48698643,0.01221321,0.02030052,00
0.99256456,0.51474577,0.01525992,0.16260803,00

