0.33338982,0.16864961,0.02208804,0.07176964,09
0.16504017,0.47917411,0.13623267,0.12965967,05
0.45473707,0.43042216,0.20861143,0.38346741,05
0.06093940,0.52750444,0.09279285,0.06629453,02
0.22750275,0.50836211,0.05198729,0.06380820,02
0.75275320,0.51017702,0.02766381,0.12078580,00
0.80748200,0.52059484,0.02793531,0.12565352,00
0.98042059,0.51213163,0.03668470,0.17703953,00
0.72143966,0.52860171,0.02749430,0.10092200,00
0.84577912,0.52008474,0.04130370,0.15385066,00
0.61293548,0.50678766,0.03098778,0.09236690,00
0.05624924,0.48936310,0.01451523,0.02122134,00

