0.33291614,0.16401714,0.02393317,0.07565790,09
0.45437923,0.42906415,0.21130449,0.38196760,05
0.16485617,0.47916314,0.13529962,0.12968898,05
0.05982841,0.52281970,0.09741651,0.08163259,02
0.22146522,0.50622839,0.04632056,0.06679476,02
0.75390798,0.51150727,0.02791419,0.12050045,00
0.98258251,0.51538908,0.03526942,0.18014283,00
0.80812210,0.52008533,0.02718906,0.12944470,00
0.85068762,0.52171147,0.03938980,0.16267462,00
0.72225523,0.52977157,0.02802641,0.09634289,00
0.61198276,0.50820583,0.03012964,0.09432506,00
0.28008193,0.50681472,0.02001114,0.08606490,00
0.05477435,0.48854670,0.01545514,0.02389275,00

