0.33462617,0.15784873,0.02373836,0.07375645,09
0.32466570,0.15810522,0.02397188,0.07391190,09
0.16347745,0.47885612,0.13690674,0.12894759,05
0.45594987,0.42710787,0.20710185,0.38642353,05
0.05937975,0.52559084,0.09693230,0.06619020,02
0.22122918,0.50476861,0.04681440,0.06915446,02
0.24289231,0.51179379,0.07094279,0.06776500,02
0.75493163,0.51087099,0.02808558,0.11980869,00
0.80921525,0.51851344,0.02705870,0.12503593,00
0.98414052,0.51413369,0.03150288,0.18389080,00
0.85592812,0.52064323,0.04576708,0.15829384,00
0.72633666,0.51893276,0.02454151,0.10705364,00
0.61155945,0.50756460,0.03198897,0.09703691,00
0.28044644,0.50496185,0.01874619,0.08562253,00
0.05112940,0.48461357,0.01576810,0.02876349,00
0.79378945,0.51114094,0.01590202,0.09636519,00

