0.32458636,0.15421377,0.02135648,0.07640205,09
0.45733833,0.42468390,0.21661220,0.41432875,05
0.16127378,0.47925353,0.14329109,0.12812594,05
0.05548449,0.52466971,0.09945152,0.08002229,02
0.21823363,0.50678754,0.04953610,0.06753679,02
0.75630939,0.51264322,0.03035203,0.12076096,00
0.86169857,0.52321333,0.04447351,0.15646949,00
0.81166887,0.51764691,0.03758944,0.13953635,00
0.72758144,0.52737921,0.02575221,0.10172982,00
0.61245030,0.50519866,0.03128666,0.09845518,00
0.98657006,0.51349944,0.02682919,0.19123399,00
0.04701880,0.48762941,0.01521950,0.02608212,00
0.27808633,0.50512218,0.01783965,0.09039516,00

