0.32470736,0.15255368,0.02109806,0.07922973,09
0.16150987,0.47967169,0.14260297,0.12786353,05
0.45754102,0.42931944,0.21509655,0.41447729,05
0.05626966,0.52503145,0.09944732,0.06830057,02
0.21673115,0.50750446,0.04920139,0.07005680,02
0.75828791,0.51274139,0.03156191,0.11547689,00
0.81377614,0.51780748,0.03775965,0.13966259,00
0.87269342,0.52069873,0.04008538,0.16761757,00
0.73054427,0.51837581,0.02543340,0.10440830,00
0.04447049,0.48747885,0.01553967,0.02556169,00
0.27384561,0.51028550,0.02186527,0.07918320,00
0.61464059,0.50833464,0.03279457,0.09408653,00

