0.32001293,0.14187838,0.02034165,0.07848492,09
0.45917615,0.41898635,0.22403756,0.40708548,05
0.16027327,0.47793844,0.14416313,0.12472719,05
0.04896832,0.52592206,0.10396950,0.07077982,02
0.23033561,0.51425606,0.06819776,0.06739809,02
0.20822567,0.50592816,0.04453152,0.07058386,02
0.76122123,0.50997329,0.03325221,0.12046425,00
0.82064062,0.51756394,0.02705338,0.13077658,00
0.88111323,0.51945019,0.03919499,0.17241560,00
0.73309714,0.51823103,0.02660552,0.10697237,00
0.27209416,0.50553852,0.02044425,0.09468497,00
0.80585343,0.51187456,0.01606806,0.11085037,00
0.04137107,0.48523772,0.01349931,0.02236186,00

