0.32007802,0.13690116,0.01958003,0.08123299,09
0.45692158,0.41978449,0.22325024,0.41241074,05
0.15514484,0.47933051,0.15575626,0.13369787,05
0.04842016,0.52552629,0.10083564,0.07214185,02
0.22827835,0.51351899,0.07262655,0.06609338,02
0.20622878,0.50552386,0.04912701,0.06828845,02
0.76477987,0.50936544,0.03188991,0.12204573,00
0.82271636,0.51574779,0.02643016,0.12784821,00
0.89032793,0.51786458,0.03620420,0.17313381,00
0.80621451,0.51182503,0.01581864,0.11558095,00
0.73543328,0.52829665,0.02856582,0.09745044,00
0.03351667,0.48426512,0.01170478,0.02391648,00
0.26880592,0.50340134,0.01938114,0.09074209,00
0.62292892,0.51164472,0.02945524,0.07897960,00

