0.31905523,0.13403864,0.02020793,0.08154905,09
0.45805258,0.41997150,0.21752812,0.41920111,05
0.15344089,0.47787964,0.15303811,0.13485003,05
0.04733151,0.52536500,0.09463566,0.07074879,02
0.20529467,0.50720710,0.04677441,0.06976305,02
0.22748071,0.51403266,0.07433775,0.06945229,02
0.76560289,0.51068145,0.03305233,0.12343941,00
0.82426322,0.51312655,0.02619793,0.12541993,00
0.90151066,0.51522958,0.03858013,0.17068848,00
0.73939824,0.51866406,0.02639591,0.10951751,00
0.26913026,0.50368077,0.02062866,0.09157600,00
0.80764425,0.50776041,0.01640560,0.10289170,00
0.62308377,0.51013798,0.03057585,0.08612926,00
0.03231485,0.48718917,0.01250391,0.02613422,00

