0.31122899,0.12337305,0.02187196,0.08021982,09
0.45876575,0.41555777,0.21789390,0.42716616,05
0.15224461,0.47589660,0.14767180,0.13889548,05
0.04594773,0.52510506,0.09928695,0.07504753,02
0.21586160,0.51427895,0.05989647,0.07040977,02
0.76652890,0.50728470,0.03086121,0.12333860,00
0.74148321,0.51886284,0.02929298,0.10864414,00
0.82518375,0.51260024,0.02515412,0.12268262,00
0.90875483,0.51125807,0.03826740,0.16986614,00
0.26829076,0.50602877,0.01990226,0.08663190,00
0.81085509,0.50813192,0.01739871,0.10440571,00
0.62145901,0.51717162,0.04528417,0.07435659,00
0.84704065,0.50368470,0.01848234,0.11132903,00
0.03065680,0.48643118,0.01582573,0.02811964,00

