0.31083760,0.12246683,0.02109710,0.08015239,09
0.45961070,0.41385859,0.21767712,0.41459587,05
0.14965975,0.47503057,0.14533430,0.13587855,05
0.04265450,0.52527165,0.08291500,0.07008678,02
0.20273024,0.50992322,0.05260627,0.07371749,02
0.76939124,0.50369298,0.02841105,0.11550233,00
0.83408743,0.51333159,0.02380707,0.12611143,00
0.74606627,0.51689595,0.02874497,0.10953528,00
0.91583204,0.51463604,0.03685176,0.18799318,00
0.81916106,0.51211119,0.01703478,0.11559785,00
0.02357429,0.48375088,0.01494569,0.03350819,00
0.26546901,0.50815749,0.01797682,0.08295149,00
0.62431008,0.49319619,0.02820112,0.09401960,00
0.81265020,0.50576556,0.01896198,0.10492872,00

