0.30815831,0.11633281,0.02067141,0.08531190,09
0.46244431,0.41943857,0.21697013,0.42432961,05
0.14776208,0.47646898,0.14870828,0.13904269,05
0.04251500,0.52548116,0.08442590,0.06950916,02
0.21590474,0.51745462,0.07435554,0.07656026,02
0.76941967,0.50661379,0.02792502,0.11815766,00
0.83468872,0.51569605,0.02348659,0.12827866,00
0.74688035,0.52814054,0.02925208,0.10250629,00
0.91670340,0.51131368,0.03943399,0.17586340,00
0.81929314,0.51165515,0.01697186,0.11996770,00
0.26488885,0.50887841,0.01999239,0.08827578,00
0.62436563,0.50565135,0.03034301,0.09724382,00
0.02213345,0.48935598,0.01429333,0.03120105,00

