0.30640277,0.11075793,0.02058096,0.08635376,09
0.46220514,0.41897255,0.22169235,0.40746409,05
0.14265890,0.47435784,0.15022272,0.13747497,05
0.96623784,0.55654579,0.05827269,0.13453531,03
0.04155742,0.52715510,0.09297671,0.07129776,02
0.20513205,0.51291913,0.06516413,0.08017687,02
0.77322572,0.50625652,0.02764744,0.12541392,00
0.93065864,0.52396739,0.04255917,0.18785726,00
0.83809739,0.51591522,0.02642055,0.12683313,00
0.82438451,0.51075065,0.01830216,0.11398222,00
0.75230950,0.51961070,0.02633882,0.11222248,00
0.01784702,0.48974010,0.01627113,0.02905691,00
0.80866700,0.49611035,0.01618930,0.08660409,00
0.25938660,0.50872338,0.02236017,0.08995729,00

