0.30580178,0.10914697,0.02012553,0.08385294,09
0.28517640,0.10872371,0.02016585,0.08185475,09
0.46371329,0.41821644,0.21961403,0.42482406,05
0.13911884,0.47829056,0.14903331,0.13308771,05
0.96861005,0.56146014,0.05702326,0.13589258,03
0.03753738,0.52937728,0.07592093,0.07625049,02
0.20368643,0.51734489,0.07218901,0.07906611,02
0.77419269,0.50774503,0.02622880,0.12620783,00
0.93950170,0.52764213,0.04417534,0.19006816,00
0.75291330,0.51950920,0.02797178,0.10794356,00
0.82634234,0.51615119,0.02324323,0.12427922,00
0.84447157,0.51821059,0.02297691,0.13338161,00
0.86156845,0.50931883,0.01901378,0.11772434,00
0.62647945,0.50580978,0.02968185,0.09921739,00
0.91352493,0.52813375,0.02297630,0.11940355,00
0.01563465,0.48838297,0.01604699,0.02709558,00
0.80929887,0.49576589,0.01665415,0.08844648,00

