0.30567533,0.10868705,0.02148405,0.08142105,09
0.28427815,0.10668615,0.02171519,0.08717306,09
0.13894579,0.47987536,0.14821906,0.13659094,05
0.46433219,0.42778078,0.22069228,0.41433048,05
0.03704781,0.53102928,0.07202066,0.07587596,02
0.19060120,0.51659697,0.05258451,0.08235829,02
0.77452463,0.51155239,0.02519488,0.13450733,00
0.75669283,0.53025788,0.02753862,0.10518353,00
0.25745913,0.51073658,0.02079226,0.09479281,00
0.95406991,0.52568257,0.04909668,0.18782772,00
0.84627873,0.52570283,0.02614057,0.14021610,00
0.62670308,0.51045901,0.02702621,0.09622205,00
0.86159778,0.51196414,0.02107891,0.13051398,00
0.91754901,0.52904904,0.02490316,0.14339013,00
0.82513833,0.51361591,0.02209726,0.11387461,00
0.00805285,0.49207264,0.01214336,0.02611680,00
0.83327961,0.52619493,0.02328115,0.13938501,00

