0.28105047,0.09902809,0.02136488,0.08779151,09
0.29884109,0.10032438,0.02113103,0.07865033,09
0.13554542,0.48076218,0.15181385,0.13268526,05
0.46462065,0.42461956,0.22372346,0.41322628,05
0.03336157,0.53132313,0.06815179,0.07412486,02
0.18858166,0.51954979,0.06008359,0.08423212,02
0.77831566,0.51383138,0.02418892,0.12902130,00
0.84868610,0.52743500,0.03860623,0.14691560,00
0.96206313,0.53294235,0.05320530,0.19661567,00
0.25507134,0.51101232,0.02083266,0.09979253,00
0.75989503,0.53275377,0.02783504,0.10778264,00
0.83346927,0.52761447,0.02211633,0.13304959,00
0.62686193,0.51328188,0.03076687,0.09701478,00
0.92439461,0.53092438,0.02359092,0.14031385,00
0.81937522,0.51068407,0.02005534,0.09740077,00
0.00722404,0.49179012,0.00953752,0.02192492,00

