0.29766208,0.09715331,0.01988583,0.08873548,09
0.46455187,0.42715010,0.22301160,0.40659922,05
0.13453932,0.47980207,0.14324179,0.13315630,05
0.03371982,0.53329718,0.06677191,0.07032559,02
0.18188415,0.51906878,0.05396946,0.08752605,02
0.97682971,0.56803584,0.04096041,0.15324190,01
0.85257739,0.52723718,0.03844322,0.14582482,00
0.97140896,0.53426307,0.04852918,0.20714656,00
0.83510667,0.52885920,0.02363228,0.13295698,00
0.78012890,0.51410717,0.02486878,0.12887488,00
0.92820358,0.53600502,0.02467368,0.13598005,00
0.63422632,0.51079440,0.02654384,0.10005634,00
0.81796676,0.51193118,0.02128073,0.09694385,00
0.25237918,0.51283151,0.01842666,0.10541896,00
0.76978534,0.51879531,0.02368634,0.13678482,00
0.00474138,0.49106383,0.00780359,0.02706750,00

