0.29490235,0.09365160,0.02020677,0.09313630,09
0.46638504,0.42610565,0.22324499,0.40227455,05
0.12864006,0.48522234,0.15420875,0.14764869,05
0.03164396,0.53317750,0.06348405,0.07116365,02
0.17800041,0.51983035,0.05611836,0.08801428,02
0.98031855,0.54198444,0.03632658,0.21992323,00
0.85652018,0.53294480,0.03829587,0.14711824,00
0.76944143,0.53595638,0.02829648,0.11370799,00
0.84038943,0.53128952,0.02377512,0.12297561,00
0.82178926,0.51329315,0.02065176,0.09192798,00
0.63648611,0.51056087,0.02592164,0.10391554,00
0.93193513,0.53506482,0.02496734,0.14919995,00
0.24605866,0.50980896,0.01978229,0.10741150,00
0.78354049,0.51528978,0.02479575,0.12310395,00
0.87376863,0.51654810,0.01872878,0.12409242,00

