0.29310912,0.08699562,0.01857444,0.09326719,09
0.27306312,0.08842637,0.02077090,0.08828249,09
0.46656191,0.42896903,0.22152455,0.40827301,05
0.12817898,0.48399791,0.15347557,0.14553489,05
0.03141660,0.53453803,0.06293613,0.07024904,02
0.17669898,0.52648461,0.06295591,0.08952615,02
0.98465115,0.55198896,0.03120927,0.20692673,00
0.86027348,0.53856921,0.03737256,0.14536057,00
0.84026772,0.53084785,0.02345782,0.12127633,00
0.82098120,0.51502877,0.01832525,0.09229229,00
0.76981717,0.53725535,0.02857547,0.10918786,00
0.94320285,0.54996628,0.03387831,0.15316349,00
0.63686925,0.51292193,0.02342926,0.11165621,00
0.78521001,0.51432902,0.02377525,0.11021176,00
0.24583615,0.51130903,0.02113436,0.11427315,00
0.87732548,0.52917022,0.02275018,0.13029274,00

