0.29240203,0.08137138,0.01909699,0.09536496,09
0.27080992,0.07619330,0.02034615,0.09295564,09
0.46661612,0.43118739,0.21993925,0.43045115,05
0.12788580,0.48290172,0.15231949,0.14451057,05
0.03001201,0.53137326,0.06257400,0.07501144,02
0.17718497,0.52731979,0.06512105,0.08141770,02
0.86167264,0.53864694,0.03628608,0.14983226,00
0.77671498,0.53018188,0.03702801,0.14081597,00
0.63694924,0.51384741,0.02619249,0.10830591,00
0.84075665,0.53278178,0.02512751,0.12797430,00
0.94517916,0.55159003,0.03652218,0.15834025,00
0.99309170,0.56012487,0.01426995,0.19430284,00
0.82406640,0.51346248,0.01642859,0.09048212,00
0.87869626,0.52947479,0.02297739,0.13953277,00
0.24619186,0.51317334,0.02009010,0.11572733,00

