0.26785350,0.07033869,0.02324422,0.09311212,09
0.28768995,0.07173484,0.02591626,0.08918596,09
0.46769294,0.43244281,0.21810269,0.42847037,05
0.12532483,0.47984216,0.15070233,0.14102626,05
0.02802136,0.52948493,0.06102827,0.08303650,02
0.17732608,0.52742064,0.08166023,0.07806017,02
0.95294750,0.55432463,0.04054859,0.15572405,00
0.84489942,0.53540748,0.02469862,0.12749037,00
0.63758451,0.51522225,0.02499108,0.11046439,00
0.78022355,0.53164011,0.03643655,0.14124349,00
0.24364986,0.51240510,0.02232269,0.10611553,00
0.87919968,0.53565550,0.03372809,0.14876688,00
0.86443812,0.53686756,0.02480420,0.13209759,00
0.82741731,0.51558566,0.01806540,0.09140872,00

