0.28695437,0.06499045,0.02539261,0.09758689,09
0.26683864,0.06493514,0.02235418,0.09696346,09
0.30655941,0.07316910,0.01882562,0.07933575,09
0.11997887,0.47698519,0.15257862,0.13532120,05
0.46881777,0.43446276,0.21520841,0.43041179,05
0.02849802,0.52719671,0.05685498,0.07390396,02
0.16384175,0.52821714,0.06976751,0.07799070,02
0.84888327,0.53539461,0.02352034,0.12393637,00
0.95848012,0.55233628,0.04007970,0.16212226,00
0.87485522,0.54116094,0.03853412,0.16283514,00
0.78432959,0.53520900,0.03703303,0.14089879,00
0.63978076,0.51827449,0.02330249,0.11394723,00
0.24041308,0.51081651,0.02028722,0.10648331,00
0.88966572,0.52888942,0.02420630,0.13761531,00
0.22950085,0.51037186,0.02497946,0.10259067,00
0.83173341,0.51431352,0.01597909,0.09153371,00

