0.28503460,0.05242667,0.02215704,0.09257159,09
0.26102796,0.05239107,0.01694844,0.08936695,09
0.46928480,0.43074092,0.21935266,0.43121585,05
0.11621218,0.47421354,0.15273444,0.13552216,05
0.02797971,0.52024585,0.05339744,0.08247516,02
0.16031723,0.51865053,0.06858888,0.09006526,02
0.85019833,0.53448230,0.02647828,0.12783977,00
0.87480724,0.54200447,0.03591437,0.16033854,00
0.78562248,0.53467429,0.03674187,0.14388996,00
0.64196837,0.51616400,0.01909134,0.11256073,00
0.96281725,0.55353045,0.03625155,0.15715697,00
0.79598337,0.53141582,0.02063197,0.13140891,00
0.83338046,0.51509678,0.01662279,0.09135694,00
0.23958257,0.50816154,0.01941905,0.10274763,00

