0.27989003,0.04866387,0.02287761,0.09897212,09
0.25935835,0.04761951,0.02067189,0.08599067,09
0.46927914,0.42485231,0.22022979,0.41967848,05
0.11554977,0.47423285,0.14490871,0.13995458,05
0.02300966,0.51997995,0.04606660,0.08631919,02
0.15560043,0.51562190,0.06973503,0.09898477,02
0.87497061,0.54125869,0.03534175,0.15690973,00
0.85281581,0.53163660,0.02513712,0.12360505,00
0.64190447,0.51604789,0.02231249,0.11712236,00
0.79374868,0.53295702,0.02523633,0.12660949,00
0.96660173,0.55123842,0.03581659,0.15868250,00
0.83699751,0.51577520,0.01742170,0.09289695,00
0.23303941,0.50776124,0.02419683,0.10847104,00
0.89820170,0.52868611,0.02387144,0.13476098,00

