0.25874072,0.04502735,0.02331971,0.08773900,09
0.29587960,0.04891217,0.02109777,0.07581172,09
0.27926168,0.04758993,0.01901170,0.08797117,09
0.46944398,0.42127374,0.22554766,0.41441891,05
0.10987563,0.47117800,0.14102314,0.14369343,05
0.14933434,0.51716632,0.06916843,0.08912393,02
0.02024176,0.51750368,0.04246222,0.07931738,02
0.88503838,0.53690547,0.03409188,0.16592352,00
0.79535431,0.53013551,0.03395760,0.14935398,00
0.86001837,0.52845496,0.02324168,0.13067089,00
0.64817095,0.51320076,0.02391111,0.11245812,00
0.97127140,0.55031514,0.03873150,0.15359789,00
0.84389704,0.51777679,0.01826998,0.11268909,00
0.23089318,0.50662065,0.02056042,0.10862892,00
0.90428305,0.51696140,0.02383008,0.12512590,00

