0.83557153,0.58741975,0.07113854,0.03330855,25
0.91868109,0.58987528,0.07238211,0.02660204,25
0.48277318,0.41259572,0.00981522,0.03960196,09
0.27009606,0.44060382,0.01000444,0.03888257,09
0.39602447,0.44175780,0.01103231,0.03379281,09
0.22764482,0.38072854,0.01435315,0.04424135,09
0.89628220,0.49708456,0.02303844,0.06558228,09
0.71477300,0.56431007,0.01334027,0.03475548,09
0.33379251,0.56379235,0.00589587,0.01653518,09
0.41560495,0.58283168,0.00588368,0.01732648,09
0.36257142,0.81145859,0.36831257,0.37526068,02
0.84985042,0.66627413,0.11536828,0.09314653,02
0.18588331,0.60864425,0.06241927,0.08300719,02
0.09769653,0.60498589,0.05915901,0.06338862,02
0.68206662,0.65771782,0.02488960,0.11892731,00
0.21981990,0.65344745,0.03566132,0.17462479,00
0.57521421,0.67361170,0.04441431,0.19158506,00
0.52967995,0.69566196,0.04770655,0.21437311,00
0.64246541,0.64723516,0.02064648,0.09957284,00
0.96975225,0.72664177,0.04868926,0.22041577,00
0.71297461,0.65616828,0.01690073,0.08853205,00
0.92692965,0.70194072,0.02529690,0.15427822,00
0.61055136,0.63416964,0.01184178,0.06082155,00
0.66214597,0.65042847,0.01569021,0.08710413,00
0.42397776,0.70426661,0.05027152,0.07770547,00
0.30956307,0.69653815,0.05112717,0.07623303,00

