0.83466733,0.58721173,0.07004359,0.03262830,25
0.91838163,0.59038615,0.07490763,0.02753383,25
0.48279944,0.41246372,0.00975822,0.03899327,09
0.39607042,0.44142336,0.01107285,0.03461895,09
0.27005306,0.44076875,0.01016171,0.03938184,09
0.22746398,0.38091373,0.01458464,0.04469880,09
0.89616024,0.49728462,0.02347757,0.06521467,09
0.33397734,0.56417608,0.00590976,0.01769816,09
0.71385896,0.56292832,0.01375812,0.03531610,09
0.17961578,0.60813540,0.06002355,0.07988255,07
0.36198092,0.81230402,0.37046975,0.37252912,02
0.84994626,0.66652483,0.11588849,0.09655610,02
0.09787657,0.60519826,0.05826286,0.06293598,02
0.18595403,0.60749149,0.05981163,0.08123595,02
0.90286577,0.88186091,0.20486316,0.23499215,02
0.68207318,0.65802968,0.02539126,0.12150683,00
0.52003652,0.69815695,0.05289324,0.22766095,00
0.57298326,0.67199415,0.04134162,0.19985242,00
0.21574248,0.65195704,0.03281832,0.17129394,00
0.64214534,0.64832503,0.02086350,0.09983249,00
0.96814746,0.72736472,0.04779803,0.21483293,00
0.71324056,0.65632123,0.01758123,0.09033468,00
0.92660582,0.70214427,0.02559981,0.15445215,00
0.65006101,0.64930952,0.02054915,0.09356655,00
0.66194838,0.64981049,0.01562607,0.08646658,00

