0.83506465,0.58786792,0.07105249,0.03268781,25
0.91849691,0.59035665,0.07377516,0.02811263,25
0.48297647,0.41355106,0.00973569,0.03996057,09
0.27003357,0.44164038,0.00996362,0.04029062,09
0.39621344,0.44193953,0.01097162,0.03392813,09
0.71456945,0.56390536,0.01315561,0.03363810,09
0.22795486,0.38128442,0.01468163,0.04436651,09
0.33356106,0.56419861,0.00576067,0.01726539,09
0.89625049,0.49704602,0.02323968,0.06670642,09
0.17882119,0.60816634,0.05908437,0.08029211,02,07
0.36282936,0.81229073,0.37109515,0.36733180,02
0.85301459,0.66616011,0.12080782,0.09530146,02
0.09813339,0.60584641,0.05729651,0.06237692,02
0.90378791,0.88323581,0.20812659,0.22639811,02
0.14096431,0.61868018,0.03053736,0.04432070,02
0.68194711,0.65858370,0.02537078,0.11836948,00
0.57109469,0.67712641,0.04015296,0.18583389,00
0.52014536,0.69788206,0.05549602,0.23364075,00
0.21322803,0.65440571,0.03273776,0.17136045,00
0.96784753,0.72828054,0.04765645,0.20896095,00
0.92589849,0.70332557,0.02723536,0.15604974,00
0.64242488,0.64895028,0.01795399,0.09912154,00
0.71357054,0.65512615,0.01767291,0.08835919,00
0.66278380,0.65080100,0.01442498,0.08539731,00
0.61079007,0.63397413,0.01021515,0.05126007,00
0.03148578,0.60267055,0.01245433,0.06107013,00

