0.83508164,0.58780301,0.07090728,0.03307654,25
0.48286709,0.41368505,0.00957901,0.03983568,09
0.27007002,0.44190818,0.00958775,0.04050484,09
0.39632276,0.44203573,0.01114631,0.03310366,09
0.22749086,0.38110721,0.01434455,0.04473243,09
0.33382905,0.56467491,0.00587761,0.01705439,09
0.71480882,0.56337005,0.01344508,0.03368406,09
0.89637226,0.49709198,0.02334269,0.06513198,09
0.36243019,0.81072581,0.36774054,0.37238026,02
0.84942317,0.66621721,0.11607336,0.09482525,02
0.09750519,0.60514510,0.05919504,0.06297777,02
0.17844929,0.60752529,0.06142790,0.08131699,02
0.90406340,0.88063627,0.20881212,0.22894314,02
0.68201053,0.65780932,0.02580758,0.11825945,00
0.56846356,0.67788672,0.03823495,0.18304057,00
0.51886070,0.69690835,0.05271801,0.22516003,00
0.21252184,0.65355188,0.03328994,0.17413703,00
0.92549473,0.70429689,0.02774598,0.15873796,00
0.71391696,0.65535766,0.01863424,0.09110837,00
0.96657515,0.72796923,0.04590812,0.21508425,00
0.64854616,0.64851928,0.02070564,0.09277250,00
0.66375428,0.65059322,0.01330573,0.08603004,00
0.03138525,0.60202581,0.01301509,0.06416537,00

