0.83486855,0.58702773,0.07017740,0.03315865,25
0.91836184,0.59015673,0.07448849,0.02910586,25
0.48279661,0.41241467,0.00981517,0.03844636,09
0.39611262,0.44129416,0.01112937,0.03462677,09
0.27003852,0.44197866,0.01010133,0.03984239,09
0.22767137,0.38111988,0.01496946,0.04405738,09
0.71434820,0.56318390,0.01371980,0.03454800,09
0.33333886,0.56431228,0.00569448,0.01611544,09
0.89637345,0.49708200,0.02301832,0.06557005,09
0.36228159,0.81133735,0.36728451,0.37081349,02
0.84935039,0.66652519,0.11490726,0.09663872,02
0.09766988,0.60521936,0.05883023,0.06392450,02
0.17746343,0.60796344,0.05883567,0.08156949,02
0.68162632,0.65685797,0.02631174,0.11790252,00
0.56415123,0.67629892,0.04020478,0.18567877,00
0.51664656,0.69583613,0.05739630,0.22757988,00
0.20638688,0.65803128,0.03902255,0.16444083,00
0.71415478,0.65551072,0.01930768,0.09209381,00
0.64901227,0.64883536,0.02297438,0.09366205,00
0.92445803,0.70260769,0.02875440,0.14852786,00
0.96662253,0.72406936,0.04740941,0.19379792,00
0.66451246,0.64952898,0.01217921,0.08917286,00

