0.83541900,0.58752745,0.07094825,0.03380006,25
0.91812235,0.58974767,0.07598005,0.03014636,25
0.48283425,0.41298476,0.00960211,0.03884171,09
0.27020890,0.44135681,0.01007025,0.03972681,09
0.33325884,0.56455153,0.00597137,0.01713052,09
0.39596367,0.44290426,0.01111218,0.03568178,09
0.71446496,0.56301957,0.01290937,0.03533711,09
0.89633560,0.49734867,0.02342388,0.06545286,09
0.41556662,0.58372009,0.00595002,0.01861474,09
0.22752152,0.38126475,0.01534902,0.04586818,09
0.36277589,0.81082743,0.36779478,0.37159351,02
0.84942949,0.66610366,0.11449949,0.09636885,02
0.17787637,0.60750610,0.06190143,0.07967600,02
0.09789705,0.60459727,0.05620194,0.06173493,02
0.90471190,0.88672584,0.20531894,0.22052686,02
0.68203765,0.65561831,0.02672590,0.11702103,00
0.51178849,0.69605249,0.05512897,0.21437289,00
0.56164092,0.67654002,0.03914303,0.18770315,00
0.20102595,0.66140169,0.04617226,0.16000651,00
0.96479034,0.72570050,0.05337527,0.20303802,00
0.71499658,0.65604693,0.01747893,0.08869749,00
0.64812630,0.64830643,0.02092912,0.09338962,00
0.92400318,0.70109051,0.02865325,0.14708091,00
0.66473722,0.65009600,0.01343626,0.08931145,00
0.61057907,0.63487095,0.01067561,0.05473428,00
0.30902338,0.69632471,0.05270383,0.07773048,00

