0.83607149,0.58668840,0.07174079,0.03429040,25
0.91850168,0.58985603,0.07417532,0.02987590,25
0.48295006,0.41209915,0.00983288,0.03926874,09
0.27002954,0.44144428,0.00998497,0.03988282,09
0.71474516,0.56321728,0.01300516,0.03390094,09
0.89626580,0.49745175,0.02376874,0.06500309,09
0.39605892,0.44215572,0.01161036,0.03570263,09
0.22803269,0.38101760,0.01501712,0.04333512,09
0.36186203,0.81105202,0.36030069,0.36944103,02
0.84893465,0.66627657,0.11277955,0.09536495,02
0.17706467,0.60713917,0.05929840,0.07859964,02
0.90467083,0.88243693,0.20849892,0.22762439,02
0.09789664,0.60435522,0.05688370,0.06277997,02
0.51082957,0.69645953,0.04936708,0.21363346,00
0.55651575,0.67073894,0.03945389,0.19050778,00
0.68059295,0.65579897,0.02410711,0.11529750,00
0.19914947,0.66286945,0.05215453,0.15939847,00
0.96107924,0.72799170,0.05517780,0.21080926,00
0.92349845,0.70090920,0.02894830,0.14826015,00
0.71576375,0.65547115,0.01760071,0.08945721,00
0.64768469,0.64846867,0.02145535,0.09872530,00
0.66455823,0.65011168,0.01242747,0.09265981,00
0.60947329,0.63389003,0.01061274,0.05827457,00

