0.83590633,0.58642471,0.07000183,0.03399162,25
0.91860259,0.59021306,0.07337201,0.02958675,25
0.26963082,0.44102356,0.01057933,0.04063519,09
0.48335305,0.41152680,0.00996635,0.04122748,09
0.22770028,0.38101780,0.01518728,0.04444329,09
0.89636087,0.49737453,0.02371228,0.06384522,09
0.71451050,0.56296194,0.01293273,0.03399068,09
0.39591774,0.44175610,0.01130753,0.03344057,09
0.36169821,0.81109881,0.36472103,0.36613411,02
0.84870398,0.66573262,0.11482278,0.09525315,02
0.17550230,0.60822147,0.05992329,0.08403976,02
0.90483093,0.88342655,0.20629728,0.22797197,02
0.54876268,0.67611146,0.04339956,0.19455092,00
0.67973346,0.65355915,0.02633241,0.11251572,00
0.95858145,0.72511011,0.05548808,0.21113268,00
0.50845695,0.69478536,0.04313377,0.19223872,00
0.19910511,0.66197765,0.05073236,0.15963887,00
0.71692789,0.65538204,0.01864331,0.08778678,00
0.64848787,0.64926696,0.02133559,0.09188729,00
0.92384851,0.70051003,0.02764018,0.14421730,00
0.60874027,0.63533592,0.01017349,0.06031472,00

