0.83573681,0.58714259,0.06975555,0.03389667,25
0.26952448,0.44197658,0.01042996,0.04198496,09
0.48281252,0.41201603,0.00966442,0.04107591,09
0.22817767,0.38092023,0.01435725,0.04302550,09
0.39598015,0.44050846,0.01135090,0.03439556,09
0.89657289,0.49761796,0.02362658,0.06411496,09
0.71499002,0.56168401,0.01348613,0.03184686,09
0.36071372,0.81092864,0.35857669,0.36419827,02
0.84949243,0.66489571,0.11568170,0.09273671,02
0.17604938,0.60751563,0.05991647,0.08025327,02
0.09862947,0.60571647,0.05517279,0.05798712,02
0.47106576,0.64743030,0.04703109,0.08862640,02
0.90522915,0.88717788,0.20746817,0.22758047,02
0.13817130,0.60459077,0.02897734,0.05287550,02
0.67906362,0.65283424,0.03056923,0.11009427,00
0.54828626,0.67333436,0.04372057,0.19904326,00
0.19837250,0.66239119,0.05252581,0.16056159,00
0.71702826,0.65428811,0.01983730,0.09159784,00
0.96113336,0.72502291,0.05729519,0.21411747,00
0.64914554,0.64813566,0.02462311,0.09760267,00
0.50976413,0.67775989,0.04332557,0.19018301,00
0.92636180,0.70744550,0.03353095,0.18699992,00
0.99250454,0.70347160,0.01434487,0.16785039,00

