0.83626354,0.58595407,0.06804226,0.03507536,25
0.48267725,0.41283789,0.01022698,0.04091620,09
0.26961496,0.44042227,0.01058734,0.04074086,09
0.39621186,0.44136468,0.01090269,0.03688267,09
0.22865644,0.38055894,0.01324124,0.04363698,09
0.89648980,0.49781752,0.02364838,0.06419682,09
0.36049613,0.81113338,0.36721471,0.36912146,02
0.84662688,0.66550851,0.10749080,0.09374091,02
0.17623216,0.60738856,0.06537972,0.08160277,02
0.09884832,0.60518140,0.05644660,0.05758960,02
0.13759668,0.60390937,0.03093708,0.05285590,02
0.47018930,0.64554185,0.04831033,0.08557053,02
0.90573281,0.89163810,0.20740798,0.21409065,02
0.54652339,0.67337954,0.04482751,0.19524077,00
0.19708201,0.66196519,0.05383138,0.15935938,00
0.71821761,0.65474880,0.01962391,0.08665802,00
0.67810583,0.65345997,0.02687145,0.10643673,00
0.95817935,0.72610784,0.05163887,0.21320178,00
0.64816147,0.64896089,0.02435589,0.09851748,00
0.68713397,0.65164655,0.02247126,0.09970591,00
0.50685328,0.67624891,0.04119570,0.17922343,00
0.89251125,0.67938292,0.01983824,0.13057753,00
0.92933637,0.71536762,0.03486734,0.19925277,00
0.60796010,0.63485342,0.01105433,0.06153220,00

