0.83624429,0.58534706,0.06822861,0.03494788,25
0.27002358,0.44139472,0.01116726,0.04004705,09
0.22854684,0.38055772,0.01333085,0.04485922,09
0.39595261,0.44367269,0.01057384,0.03880632,09
0.89633733,0.49726397,0.02398041,0.06472013,09
0.48288020,0.41192576,0.01071710,0.03926877,09
0.36145446,0.80998147,0.36639175,0.36505714,02
0.84710646,0.66555417,0.10597969,0.09282468,02
0.17404792,0.60682404,0.06733096,0.07949495,02
0.46946430,0.63086182,0.04527203,0.06138384,02
0.90613824,0.89128101,0.20868246,0.22035052,02
0.54524279,0.67517400,0.04798592,0.19208290,00
0.71871167,0.65473992,0.02067959,0.09034735,00
0.19515528,0.65996778,0.05337689,0.16853470,00
0.64750576,0.64868766,0.02412845,0.10351627,00
0.95858353,0.72448415,0.05904927,0.20326069,00
0.67584288,0.65257698,0.02446484,0.11154276,00
0.68848598,0.65153557,0.01957533,0.09603048,00
0.89217991,0.68194181,0.02294195,0.12802923,00
0.50587070,0.67639351,0.04284704,0.17009313,00
0.66802293,0.64858216,0.01641080,0.09592763,00
0.93092114,0.71388572,0.03642983,0.18525723,00
0.60728830,0.63458496,0.01045346,0.06466602,00

