0.83597040,0.58561313,0.06576616,0.03517481,25
0.27009070,0.44157350,0.01113373,0.03934229,09
0.39606509,0.44322962,0.01086998,0.03798851,09
0.48284471,0.41208211,0.01029661,0.03971313,09
0.22843683,0.38069701,0.01400352,0.04435375,09
0.89646620,0.49738759,0.02422324,0.06447206,09
0.36079809,0.80908680,0.35904261,0.36778268,02
0.84676534,0.66565025,0.10942917,0.09174094,02
0.16662294,0.60619742,0.06242230,0.08347294,02
0.09904452,0.60505068,0.06942777,0.05941583,02
0.90579695,0.89236331,0.20766042,0.22008461,02
0.54189605,0.67779881,0.05183574,0.17674673,00
0.71885145,0.65565401,0.01895700,0.08891815,00
0.19377577,0.66064376,0.05178719,0.16323890,00
0.64709198,0.64851379,0.02458703,0.10055726,00
0.68960530,0.65147609,0.01877401,0.09492852,00
0.95413530,0.72448415,0.05042816,0.20884639,00
0.89137065,0.68205488,0.02427932,0.13678643,00
0.66898137,0.65379530,0.01807161,0.11009505,00
0.50413024,0.67352885,0.03722879,0.16023627,00
0.93359083,0.71888041,0.04129700,0.20760734,00
0.51784003,0.66966504,0.02240689,0.15378907,00

