0.83571416,0.58570999,0.06643303,0.03567651,25
0.27010012,0.44163626,0.01092444,0.03919087,09
0.22843988,0.38064665,0.01418728,0.04457534,09
0.39609289,0.44328323,0.01079625,0.03822432,09
0.48280847,0.41200581,0.01029144,0.03973032,09
0.89658225,0.49747404,0.02376682,0.06445785,09
0.71415824,0.56039304,0.01340281,0.03120625,09
0.36092034,0.80941933,0.36164027,0.37141046,02
0.84697455,0.66576701,0.10933762,0.09254714,02
0.16572306,0.60666543,0.06250376,0.08063395,02
0.90650928,0.89215791,0.20995691,0.21821031,02
0.19172676,0.65988225,0.04926657,0.15731467,00
0.68953389,0.65122336,0.01830438,0.09397522,00
0.53792965,0.67360348,0.05192160,0.17918007,00
0.71895850,0.65824556,0.01859068,0.09092903,00
0.64653569,0.64799309,0.02104072,0.09842820,00
0.66850245,0.65554440,0.01933077,0.10747511,00
0.89039350,0.68214035,0.02477224,0.13581626,00
0.95633137,0.71999186,0.04190597,0.19870347,00
0.93609923,0.72033679,0.04272652,0.20627679,00
0.67585021,0.65367270,0.01633632,0.10197361,00
0.49489248,0.66898823,0.03784851,0.15552738,00
0.58525479,0.62990355,0.01130572,0.06484106,00

