0.83632368,0.58529747,0.06852911,0.03593280,25
0.27001628,0.44107795,0.01164385,0.03878973,09
0.48276380,0.41196525,0.01018328,0.03965730,09
0.39611247,0.44290218,0.01069578,0.03728390,09
0.22844535,0.38048765,0.01372528,0.04251796,09
0.36120316,0.81070292,0.36483335,0.37073544,02
0.84784186,0.66468000,0.11086780,0.09309397,02
0.16652770,0.60661793,0.06259105,0.08071356,02
0.90599161,0.89010847,0.20846674,0.22399499,02
0.68950862,0.65193236,0.02043478,0.09754933,00
0.66836756,0.65537691,0.02218571,0.11142790,00
0.18858516,0.65943247,0.04193252,0.15637705,00
0.53621346,0.67788720,0.05803635,0.17926574,00
0.71910822,0.65703779,0.01922488,0.08949449,00
0.64741576,0.64924312,0.02014893,0.09684937,00
0.88865489,0.68152416,0.02618341,0.12978986,00
0.93644494,0.72390938,0.04697242,0.20922068,00
0.49027127,0.67515445,0.02544748,0.12637758,00

