0.83608705,0.58525711,0.06736099,0.03533909,25
0.39607289,0.44282269,0.01091847,0.03750111,09
0.26953498,0.44128525,0.01211976,0.04007294,09
0.48280466,0.41143110,0.01043915,0.03934954,09
0.22882462,0.38048920,0.01389262,0.04293452,09
0.89640647,0.49718928,0.02400258,0.06434195,09
0.36046657,0.81121659,0.35972306,0.37543863,02
0.84903955,0.66521537,0.11279938,0.09347065,02
0.16626754,0.60680735,0.05956594,0.08228426,02
0.90599382,0.88875914,0.20756347,0.22423016,02
0.68958706,0.65194303,0.02032894,0.09961247,00
0.66758102,0.65462416,0.02286970,0.11229834,00
0.18693909,0.65851516,0.03718684,0.15990354,00
0.53343481,0.67886245,0.05632868,0.16946970,00
0.71966475,0.65639776,0.02022924,0.09263006,00
0.88727701,0.68081701,0.02732844,0.12295113,00
0.64764029,0.64899719,0.01989158,0.10548042,00
0.93513888,0.72121161,0.04826958,0.21520184,00
0.49362043,0.66864514,0.03573905,0.15988508,00

