0.83639628,0.58557606,0.06720801,0.03586499,25
0.39607850,0.44277221,0.01104997,0.03773087,09
0.48283106,0.41146490,0.01046955,0.03948711,09
0.26954007,0.44150195,0.01213982,0.03964856,09
0.22796606,0.38063183,0.01416928,0.04371488,09
0.89645916,0.49737903,0.02421459,0.06386985,09
0.71373212,0.56179398,0.01283507,0.03342241,09
0.36027312,0.81085634,0.36243099,0.37473249,02
0.84831369,0.66543490,0.10930070,0.09408592,02
0.16560587,0.60542601,0.06164815,0.07962606,02
0.90561247,0.88853240,0.20665884,0.23113368,02
0.68952960,0.65272111,0.02082374,0.10263085,00
0.18104759,0.65284848,0.04223090,0.15515329,00
0.66704309,0.65494460,0.02257937,0.10588703,00
0.88654447,0.68148583,0.02752046,0.12902324,00
0.72049123,0.65690351,0.01921922,0.09670755,00
0.93681538,0.71922964,0.04512510,0.21626656,00
0.53175896,0.67570603,0.04765798,0.17358826,00
0.64864784,0.65066230,0.02088102,0.10528143,00
0.50564373,0.66996211,0.02518549,0.16475864,00
0.48290423,0.65394950,0.02526469,0.12539671,00
0.49271458,0.66378939,0.03328923,0.15908782,00
0.64143038,0.64947277,0.01720088,0.09303847,00

