0.83621597,0.58532542,0.07031836,0.03573589,25
0.39612731,0.44223714,0.01046377,0.03621024,09
0.48297259,0.41093376,0.01053943,0.03799440,09
0.26990914,0.44030428,0.01156017,0.03502806,09
0.22708397,0.38008082,0.01273111,0.04504528,09
0.89665586,0.49783355,0.02420950,0.06379276,09
0.71360159,0.56376725,0.01356844,0.03608462,09
0.36049172,0.81256980,0.36690184,0.37196010,02
0.84815526,0.66594213,0.11317822,0.09198211,02
0.16677395,0.60570520,0.06548265,0.08027363,02
0.90558904,0.89161026,0.20592636,0.22569063,02
0.66801965,0.65633881,0.02364580,0.10771322,00
0.69061488,0.65287006,0.01941914,0.09434250,00
0.17860465,0.65444475,0.04065181,0.15356766,00
0.64797938,0.65082598,0.02126670,0.10800019,00
0.93568128,0.72475314,0.04926031,0.21000859,00
0.52067995,0.66838825,0.04388396,0.17701675,00
0.72030431,0.65619904,0.01768105,0.09329753,00
0.88548088,0.68089104,0.02849124,0.12839641,00
0.48929456,0.65840161,0.03786275,0.15893558,00
0.07275154,0.60645092,0.02040828,0.07287673,00

