0.83581901,0.58582938,0.07135880,0.03573535,25
0.26993665,0.44125754,0.01115561,0.03786292,09
0.22755563,0.38067520,0.01383688,0.04405203,09
0.39602914,0.44124436,0.01037088,0.03779644,09
0.48299527,0.41092938,0.01060263,0.03815316,09
0.89666176,0.49764180,0.02417725,0.06425571,09
0.71345317,0.56399882,0.01385099,0.03621892,09
0.36032271,0.81300110,0.36139756,0.37527034,02
0.83668947,0.66320932,0.09749072,0.09246790,02
0.16724582,0.60546583,0.06725515,0.08052909,02
0.90564609,0.89256394,0.20676818,0.22591126,02
0.69069082,0.65372157,0.02019449,0.09623456,00
0.66814864,0.65576029,0.02504298,0.10631615,00
0.17642309,0.65843326,0.04308120,0.14685333,00
0.51822376,0.66869724,0.04313514,0.17683142,00
0.64764935,0.64955169,0.02066809,0.10241528,00
0.71935254,0.65624171,0.01537014,0.08521578,00
0.93533564,0.72139055,0.04773929,0.20283204,00
0.88548619,0.68277365,0.02777909,0.12825467,00
0.07271265,0.60474819,0.02354947,0.07216647,00
0.48109797,0.65447545,0.02652600,0.12006546,00

