0.83647650,0.58608210,0.07077590,0.03533961,25
0.27003059,0.44240877,0.01057256,0.03929792,09
0.22745620,0.38063058,0.01386852,0.04491261,09
0.48296967,0.41096821,0.01049930,0.03836782,09
0.39605904,0.44054550,0.01068509,0.03602866,09
0.71365499,0.56394130,0.01355732,0.03622001,09
0.89671630,0.49765405,0.02409312,0.06427695,09
0.36003351,0.81268317,0.36322245,0.37745187,02
0.83588266,0.66263121,0.09599976,0.09242845,02
0.16645581,0.60629624,0.06666333,0.08338086,02
0.90552312,0.89129215,0.20688215,0.23054996,02
0.69025642,0.65291613,0.02163354,0.09762075,00
0.17428353,0.65947330,0.04239924,0.15563916,00
0.66759509,0.65562207,0.02653072,0.10379807,00
0.51341897,0.67059344,0.05045043,0.17927136,00
0.93064135,0.72472680,0.04906613,0.20360233,00
0.64778012,0.65080029,0.01887317,0.10395031,00
0.72009343,0.65592343,0.01496659,0.08599874,00
0.88491011,0.68206066,0.02707092,0.12289664,00

