0.83598965,0.58588564,0.07064702,0.03513040,25
0.27004758,0.44225761,0.01044360,0.03945836,09
0.39614257,0.44136846,0.01059061,0.03796178,09
0.22754039,0.38060910,0.01404095,0.04427170,09
0.48301536,0.41099688,0.01059334,0.03865700,09
0.89658707,0.49753568,0.02389803,0.06463964,09
0.71365303,0.56444234,0.01301030,0.03672680,09
0.35992026,0.81276125,0.36328635,0.37324190,02
0.83423734,0.66303271,0.09479120,0.09253834,02
0.17268860,0.60786396,0.06174579,0.08049539,02
0.90419078,0.88675165,0.20495774,0.23443766,02
0.69055313,0.65381843,0.02204213,0.09596410,00
0.17137121,0.66145223,0.04452863,0.15597220,00
0.72043455,0.65451396,0.01640651,0.08693317,00
0.51004571,0.66732329,0.04810436,0.17735852,00
0.66616768,0.65434933,0.02826652,0.09922061,00
0.93037647,0.71911412,0.03885835,0.19337508,00
0.88449049,0.68147880,0.02716922,0.12411871,00
0.07196075,0.60458082,0.02104299,0.07605505,00
0.64788467,0.65215683,0.01891290,0.09554058,00

