0.83599460,0.58601314,0.06682982,0.03503847,25
0.22739132,0.38061491,0.01361057,0.04475933,09
0.39613789,0.44079664,0.01033022,0.03675867,09
0.26991087,0.44155952,0.01109142,0.03655894,09
0.48301607,0.41088203,0.01062675,0.03881605,09
0.89657897,0.49765247,0.02465020,0.06373052,09
0.35943303,0.81264526,0.37058899,0.36934638,02
0.83520824,0.66361088,0.09582048,0.09243272,02
0.16674456,0.60656685,0.06975134,0.08605001,02
0.90532273,0.89094573,0.20481379,0.22632736,02
0.16890563,0.66079855,0.04630796,0.15279019,00
0.69065976,0.65424335,0.02243950,0.09769835,00
0.50811499,0.66926163,0.03632284,0.17847812,00
0.72035080,0.65667856,0.01496085,0.08257549,00
0.66454405,0.65420550,0.02649145,0.09772304,00
0.87976164,0.67988026,0.03160988,0.11947781,00
0.93008155,0.72082311,0.04351614,0.20334770,00
0.64993882,0.65124840,0.01979130,0.10321933,00

