0.83675486,0.58514541,0.06862127,0.03527803,25
0.39614370,0.44055432,0.01049162,0.03722434,09
0.26996598,0.44168249,0.01101505,0.03686624,09
0.22755659,0.38021967,0.01271696,0.04484342,09
0.48298842,0.41094822,0.01059350,0.03860706,09
0.71364844,0.56293076,0.01285148,0.03400839,09
0.35921818,0.81300068,0.36417276,0.37098318,02
0.83454895,0.66295725,0.09378646,0.09334429,02
0.16658498,0.60645378,0.07025687,0.08771662,02
0.90439528,0.89360946,0.20245858,0.22458205,02
0.16649732,0.65771836,0.04777758,0.15507993,00
0.69137698,0.65323675,0.01971922,0.09494082,00
0.72119266,0.65650892,0.01608545,0.08873267,00
0.66361475,0.65391070,0.02396078,0.10134326,00
0.50365549,0.67014670,0.02445422,0.14915039,00
0.65015054,0.65259051,0.01738791,0.10470919,00
0.87944371,0.67847270,0.03029270,0.11773013,00
0.52099741,0.63120091,0.01845161,0.08599665,00
0.93619990,0.71098399,0.03536978,0.19496736,00
0.60137212,0.63184828,0.00988800,0.06046882,00

