0.83591628,0.58550590,0.06778025,0.03654918,25
0.39614651,0.44057396,0.01052737,0.03724945,09
0.26998496,0.44180095,0.01109667,0.03672443,09
0.22700566,0.38025835,0.01251092,0.04350387,09
0.48299113,0.41104123,0.01060092,0.03865625,09
0.71378750,0.56343532,0.01283337,0.03429119,09
0.35868904,0.81280559,0.36810622,0.37296906,02
0.83617979,0.66319710,0.09785872,0.09111412,02
0.16724861,0.60801202,0.07073831,0.08997969,02
0.90456027,0.89281148,0.20394644,0.22346634,02
0.16362691,0.65740317,0.04453847,0.15114543,00
0.69203609,0.65295762,0.01759928,0.09770351,00
0.52150995,0.63027364,0.01703881,0.08283782,00
0.66251063,0.65481848,0.02108153,0.09899629,00
0.67788810,0.65156871,0.01259323,0.09891011,00
0.87817907,0.67849362,0.02839460,0.11863539,00
0.50217527,0.66978121,0.02020057,0.15609361,00
0.72073525,0.65390837,0.01578502,0.08685008,00
0.65059447,0.65377730,0.01661881,0.10302357,00
0.60186750,0.63215822,0.01065171,0.06106012,00

