0.83593446,0.58616871,0.06849243,0.03570100,25
0.26993686,0.44158357,0.01064635,0.03845434,09
0.22762699,0.38058749,0.01401246,0.04569025,09
0.48297098,0.41092220,0.01058203,0.03846005,09
0.71381110,0.56376541,0.01257241,0.03466883,09
0.89665955,0.49759480,0.02404963,0.06456045,09
0.39587057,0.43985042,0.01096591,0.03563469,09
0.35883647,0.81057233,0.37112653,0.37242737,02
0.83505112,0.66391844,0.09634751,0.09048441,02
0.16593200,0.60856646,0.07192282,0.09003460,02
0.98191720,0.67595273,0.03520690,0.08542570,02
0.90459746,0.88917679,0.20324227,0.22618909,02
0.16206443,0.65458775,0.04518077,0.14882165,00
0.69232458,0.65213221,0.01864117,0.09878193,00
0.65228289,0.65353054,0.02080714,0.10398084,00
0.51963514,0.62965810,0.01879074,0.08283795,00
0.67747909,0.65070730,0.01394656,0.09977408,00
0.87676781,0.67839986,0.02616308,0.11632375,00
0.72130555,0.65434456,0.01671521,0.08727412,00
0.66360193,0.65328473,0.01702416,0.09831156,00
0.60114580,0.63270593,0.01101359,0.06633130,00

