0.83603966,0.58548886,0.06768540,0.03556917,25
0.39607403,0.44106549,0.01021643,0.03683747,09
0.26982006,0.44139117,0.01123231,0.03681609,09
0.22798538,0.38066751,0.01282754,0.04443356,09
0.48303473,0.41096848,0.01059406,0.03843452,09
0.71382797,0.56358808,0.01285519,0.03479206,09
0.35908380,0.81187284,0.36445570,0.37302122,02
0.83466554,0.66364419,0.09639908,0.08916870,02
0.16619569,0.60843199,0.07091183,0.09033517,02
0.98242497,0.67609632,0.03688967,0.08626483,02
0.90415192,0.89453906,0.20617299,0.22262852,02
0.16046697,0.65397042,0.04219483,0.15606013,00
0.69282645,0.65316683,0.01867305,0.09814998,00
0.67731351,0.65254653,0.01560003,0.09616150,00
0.51908040,0.63041258,0.01869962,0.08453196,00
0.65295964,0.65398085,0.02115913,0.10280781,00
0.60065293,0.63343590,0.01091132,0.06731365,00
0.87525737,0.67795879,0.02658977,0.11638280,00
0.72619295,0.65636754,0.01828679,0.08589395,00
0.66290867,0.65436262,0.01746089,0.09606873,00
0.43517363,0.60287964,0.02997431,0.06053513,00
0.49327812,0.63086683,0.02335180,0.10753024,00

