0.83574659,0.58614486,0.06737077,0.03562175,25
0.39610443,0.44109109,0.01014716,0.03704341,09
0.26986191,0.44131225,0.01131886,0.03691595,09
0.22787064,0.38057706,0.01273377,0.04453824,09
0.48302057,0.41100785,0.01052387,0.03856105,09
0.35733449,0.81133908,0.36207828,0.37366199,02
0.83462209,0.66250205,0.09442312,0.09210692,02
0.16426557,0.60622919,0.06757791,0.08532133,02
0.98143595,0.67615294,0.03792902,0.08715413,02
0.90481585,0.89328849,0.20621412,0.22430171,02
0.65427774,0.65456134,0.02342397,0.11124923,00
0.67663223,0.65241033,0.01751143,0.09556195,00
0.69245422,0.65228832,0.02086884,0.09909368,00
0.51801491,0.63088614,0.01892863,0.08737612,00
0.72601426,0.65631092,0.01852764,0.08903020,00
0.15485959,0.65222484,0.03909668,0.15749878,00
0.48932713,0.66357845,0.03875836,0.19389156,00
0.59923398,0.63351446,0.01085806,0.06745480,00
0.87511766,0.67870522,0.02740186,0.11425349,00
0.43039668,0.60665804,0.02207614,0.04371421,00

