0.83634686,0.58614290,0.07046424,0.03547516,25
0.39611721,0.44116873,0.01009443,0.03713613,09
0.26972079,0.44235140,0.01093770,0.03886191,09
0.22803891,0.38074091,0.01315138,0.04474111,09
0.48302028,0.41100973,0.01053484,0.03847864,09
0.89648277,0.49758685,0.02438391,0.06478000,09
0.71355277,0.56392759,0.01331072,0.03464042,09
0.35675064,0.81186742,0.36066097,0.36966467,02
0.83431685,0.66178656,0.09330992,0.09013113,02
0.16441795,0.60686237,0.06800195,0.08178268,02
0.98174334,0.67540574,0.03741080,0.09220883,02
0.90517265,0.89446700,0.20370170,0.23083872,02
0.65336055,0.65361357,0.02412820,0.11143082,00
0.67815310,0.65240198,0.01931975,0.09665950,00
0.51633835,0.62904912,0.01989602,0.08183174,00
0.15307106,0.65081751,0.03848810,0.15575387,00
0.69291389,0.65180951,0.01886786,0.09706349,00
0.72579592,0.65552258,0.01774736,0.08692842,00
0.59914619,0.63364840,0.00988428,0.06165276,00
0.48559591,0.66167665,0.04433489,0.18642518,00
0.42864552,0.59900552,0.02687075,0.05732194,00
0.90396994,0.71145320,0.04368600,0.19529866,00
0.95309496,0.69950002,0.03672133,0.15538158,00

