0.83557677,0.58585382,0.06767125,0.03531969,25
0.39606890,0.44119957,0.01023569,0.03702071,09
0.26973176,0.44120234,0.01185802,0.03798452,09
0.48306552,0.41102728,0.01053538,0.03842114,09
0.22889981,0.38113317,0.01394314,0.04380244,09
0.35691190,0.81105584,0.36692595,0.37360567,02
0.83396155,0.66199315,0.09292815,0.09135334,02
0.98090923,0.67580003,0.03796114,0.09117229,02
0.16467091,0.60439318,0.07307459,0.08188002,02
0.90541208,0.89120018,0.20674045,0.22623679,02
0.65225589,0.65300471,0.02364307,0.11249231,00
0.51653630,0.63031226,0.02077161,0.08171995,00
0.67842740,0.65270585,0.01910684,0.10141427,00
0.15168880,0.65073341,0.03625972,0.15382060,00
0.69298255,0.65227884,0.01845268,0.09622485,00
0.72601169,0.65532500,0.01823978,0.08409152,00
0.59887815,0.63319951,0.01020746,0.06139311,00
0.90566045,0.70773059,0.05196301,0.20368302,00
0.42751589,0.59759599,0.02664592,0.05994041,00
0.48353848,0.66985071,0.04498461,0.18688598,00
0.58531773,0.63090885,0.01115216,0.06265895,00
0.26918396,0.62437344,0.01760227,0.04286103,00
0.87339610,0.67505831,0.02841658,0.11926897,00

