0.83601689,0.58565485,0.06701647,0.03635662,25
0.39604798,0.44116384,0.01012680,0.03687166,09
0.26989198,0.44182768,0.01074077,0.03812794,09
0.22807756,0.38067880,0.01331161,0.04480405,09
0.48309445,0.41100505,0.01058276,0.03847810,09
0.35876319,0.81075740,0.36760187,0.36742818,02
0.83375436,0.66166979,0.09209014,0.09374119,02
0.16486211,0.60240155,0.07390145,0.08364681,02
0.98095483,0.67699701,0.03769499,0.09713099,02
0.90513057,0.88986015,0.20531513,0.23193602,02
0.65094900,0.65404832,0.02423440,0.11026544,00
0.67806447,0.65327078,0.02073582,0.09580354,00
0.15017048,0.65079015,0.03640823,0.15922643,00
0.69365019,0.65192336,0.01769255,0.09287974,00
0.51483315,0.63025033,0.02174139,0.08034112,00
0.72598833,0.65310186,0.01871157,0.08418813,00
0.59807867,0.63302773,0.01066534,0.06325719,00
0.87186611,0.67449570,0.02640179,0.12877667,00
0.90367228,0.70410776,0.04661878,0.18240252,00
0.47838980,0.63144106,0.03015760,0.10035795,00
0.26885560,0.62307292,0.01705639,0.04595507,00
0.95415998,0.69720411,0.03786793,0.15794407,00
0.00426848,0.60038078,0.00836103,0.07312477,00

