0.83542114,0.58652502,0.07133625,0.03552936,25
0.39606988,0.44106880,0.01002985,0.03667843,09
0.26991582,0.44206679,0.01116637,0.03902823,09
0.48301831,0.41069391,0.01080977,0.03719615,09
0.22876386,0.38069478,0.01407333,0.04384742,09
0.89670831,0.49739814,0.02410827,0.06509042,09
0.71376681,0.56329119,0.01364561,0.03364406,09
0.35830727,0.81184930,0.36395875,0.36693969,02
0.83059412,0.66067827,0.08860050,0.09357821,02
0.90563774,0.88900375,0.20701185,0.23628099,02
0.97899365,0.67704791,0.04360931,0.08960319,02
0.16582523,0.60342056,0.06579222,0.08450464,02
0.65135998,0.65333194,0.02218629,0.10751655,00
0.69375849,0.65300846,0.01819860,0.09645376,00
0.14717352,0.65332913,0.03395001,0.16147681,00
0.51047975,0.63243991,0.02460202,0.08105236,00
0.67846292,0.65382355,0.01811834,0.09649894,00
0.87054080,0.67675185,0.02624870,0.12886989,00
0.90427858,0.69886059,0.04173801,0.18642643,00
0.59729630,0.63387936,0.01021406,0.06246278,00
0.47665963,0.63356864,0.02993674,0.09680972,00
0.72722799,0.65529048,0.01730883,0.08190865,00
0.89033306,0.69533712,0.02212134,0.14532201,00

