0.83586735,0.58595037,0.06939708,0.03556309,25
0.26983088,0.44125068,0.01121117,0.03757139,09
0.39610818,0.44110554,0.01024865,0.03689799,09
0.48302284,0.40312240,0.01114980,0.03937370,09
0.22804458,0.38054162,0.01324906,0.04532173,09
0.89670253,0.49751800,0.02395593,0.06448612,09
0.35835290,0.81244159,0.36361200,0.36844912,02
0.83188432,0.66189098,0.08775463,0.09225705,02
0.09898404,0.60264653,0.06377155,0.06539729,02
0.16557553,0.60411918,0.06514570,0.08364668,02
0.97891235,0.67463243,0.04370381,0.08972681,02
0.90598154,0.88633806,0.20635101,0.23823529,02
0.50940835,0.63215590,0.02641401,0.08511522,00
0.67800272,0.65323979,0.02044504,0.09641745,00
0.65076250,0.65368712,0.02295124,0.11100280,00
0.14374578,0.65253764,0.03402202,0.16948649,00
0.69471282,0.65269691,0.01872332,0.09344265,00
0.86687070,0.67615658,0.02146701,0.12249725,00
0.59725171,0.63472164,0.01042865,0.06202694,00
0.72736579,0.65477467,0.01767919,0.08249640,00
0.90290147,0.70305282,0.03612318,0.18741432,00
0.88888317,0.69727188,0.02373229,0.15024357,00
0.41845217,0.59672982,0.02412716,0.06037251,00
0.62538546,0.64585054,0.01362796,0.05044917,00
0.47571951,0.63353080,0.03102838,0.10519480,00

