0.83594561,0.58644015,0.06880613,0.03507483,25
0.39609087,0.44110045,0.01024500,0.03669185,09
0.26979861,0.44138381,0.01178138,0.03695152,09
0.48300463,0.40314597,0.01124036,0.03959549,09
0.22865461,0.38079020,0.01360702,0.04532309,09
0.35840812,0.81266594,0.36324441,0.36930114,02
0.83167189,0.66059172,0.08742937,0.09206361,02
0.16567738,0.60259247,0.06361744,0.08739617,02
0.97854191,0.67598540,0.04384963,0.08905752,02
0.90549952,0.88969505,0.20712122,0.22961290,02
0.09825163,0.60250747,0.05856692,0.06221345,02
0.50986892,0.63334942,0.02563357,0.08277077,00
0.65036571,0.65379375,0.02402180,0.11122163,00
0.13818496,0.64811665,0.03742507,0.16899811,00
0.67984784,0.65245950,0.01676850,0.10037614,00
0.69325429,0.65172106,0.01835395,0.09539491,00
0.47062647,0.62963080,0.02927448,0.10951050,00
0.59716243,0.63307047,0.00984203,0.05869219,00
0.86642146,0.67565107,0.02214073,0.11998573,00
0.72813749,0.65551490,0.01850504,0.08453659,00
0.88561106,0.70003182,0.02435513,0.14530541,00
0.90711111,0.69916850,0.03602286,0.18689072,00
0.62539238,0.63455403,0.01801335,0.07828423,00

