0.83565533,0.58573288,0.06642846,0.03523081,25
0.39615175,0.44421798,0.01039983,0.03919331,09
0.48283270,0.41282988,0.01040430,0.03990630,09
0.26991907,0.44197854,0.01138195,0.03958647,09
0.22827435,0.38054669,0.01418663,0.04154588,09
0.71393591,0.56350911,0.01377241,0.03518837,09
0.35685834,0.81035382,0.35720778,0.37619534,02
0.83159584,0.66185665,0.08479164,0.09466913,02
0.09684663,0.60272139,0.06127916,0.06081947,02
0.16689186,0.60344821,0.05930698,0.08818147,02
0.97864693,0.67631024,0.04362275,0.08983935,02
0.24655721,0.60465926,0.02204954,0.02709823,02
0.50899798,0.63232225,0.02647146,0.08622195,00
0.65058219,0.65426248,0.02638153,0.11443459,00
0.13657351,0.64844131,0.04140593,0.17145954,00
0.67985487,0.65175384,0.01898039,0.10388070,00
0.46849111,0.62666017,0.03133911,0.09791302,00
0.72852743,0.65705091,0.01779011,0.08449449,00
0.88374281,0.70668960,0.03627032,0.17829263,00
0.69270074,0.65131927,0.01992032,0.10153577,00
0.86501884,0.67140418,0.02000707,0.12395472,00
0.59669417,0.63479406,0.00939969,0.05877243,00
0.00680925,0.60178775,0.00878368,0.06394881,00
0.91115838,0.70127851,0.03516042,0.19513191,00

