0.83569348,0.58571059,0.06747718,0.03584689,25
0.39610574,0.44412637,0.01046768,0.03894915,09
0.26990369,0.44221213,0.01113909,0.03918774,09
0.48289850,0.41280627,0.01049216,0.04038028,09
0.22853164,0.38066652,0.01388076,0.04181921,09
0.71387470,0.56266761,0.01328837,0.03446713,09
0.17269528,0.60441083,0.05688957,0.08387955,07
0.35713241,0.81014514,0.35703668,0.37129262,02
0.83273721,0.66228640,0.08722924,0.09390711,02
0.97862142,0.67757064,0.04365686,0.09131837,02
0.90500170,0.89434862,0.20018759,0.22627082,02
0.09710493,0.60070592,0.06058333,0.06323303,02
0.16754226,0.60309666,0.05953988,0.08879216,02
0.65019470,0.65389168,0.02769648,0.11554033,00
0.13541442,0.64795035,0.04466067,0.17535867,00
0.50915527,0.63219452,0.02468767,0.08427417,00
0.68087769,0.65069824,0.01860947,0.10394131,00
0.72964096,0.65755194,0.01752638,0.08286687,00
0.46446660,0.62465876,0.03291916,0.10065770,00
0.69154465,0.65087867,0.01945470,0.10299494,00
0.88264674,0.70695686,0.04043337,0.17329237,00
0.59691435,0.63344991,0.00915846,0.05602434,00
0.86453360,0.67188472,0.02063273,0.11665110,00

