0.83567053,0.58559060,0.06718515,0.03575357,25
0.39606583,0.44377238,0.01044148,0.03831653,09
0.26998621,0.44207659,0.01119266,0.03914578,09
0.48287627,0.41272214,0.01054693,0.04038865,09
0.22847354,0.38067269,0.01437076,0.04223061,09
0.71379042,0.56303084,0.01379693,0.03424565,09
0.16584311,0.60278100,0.06133235,0.08707564,07
0.35700747,0.81127429,0.35597768,0.36956477,02
0.83099717,0.66177773,0.08497783,0.09528491,02
0.97850341,0.67680544,0.04423565,0.09180216,02
0.24647163,0.60471225,0.02254256,0.02763437,02
0.65037489,0.65681827,0.02648836,0.10888010,00
0.50888628,0.63134205,0.02645208,0.08453549,00
0.12747233,0.65505832,0.04932887,0.15755816,00
0.68112922,0.65008533,0.01838194,0.10224212,00
0.88082957,0.70679843,0.04195465,0.18585885,00
0.73040485,0.65808851,0.01650571,0.08325734,00
0.46243915,0.62359744,0.03515094,0.10073647,00
0.69167280,0.65144855,0.01867020,0.09907104,00
0.59568787,0.63360649,0.00965673,0.05824797,00

