0.83585882,0.58567369,0.06744592,0.03500152,25
0.39606896,0.44367623,0.01018240,0.03807599,09
0.27002677,0.44164944,0.01070446,0.03856850,09
0.48291448,0.41271991,0.01045785,0.03999982,09
0.22796124,0.38092464,0.01507056,0.04274512,09
0.71384180,0.56251502,0.01372063,0.03484716,09
0.35748678,0.81168574,0.35954681,0.37315989,02
0.82505280,0.66588652,0.07267509,0.08772565,02
0.16616392,0.60328895,0.05920259,0.08876957,02
0.97843820,0.67717612,0.04343830,0.09206542,02
0.24629696,0.60546583,0.02242323,0.03121397,02
0.08702311,0.60149157,0.05144324,0.05823293,02
0.65097380,0.65669948,0.02549792,0.10618523,00
0.12773806,0.65013230,0.04508502,0.16295719,00
0.73071492,0.65783864,0.01958876,0.08100788,00
0.68082047,0.64951557,0.01918689,0.10189135,00
0.87966394,0.70743519,0.03936595,0.18035555,00
0.50925213,0.63199621,0.02529822,0.08083065,00
0.69159585,0.65124452,0.02064019,0.09821517,00

