0.83526272,0.58631659,0.06627931,0.03535691,25
0.39608645,0.44374231,0.01022450,0.03810076,09
0.26992282,0.44177711,0.01127586,0.03887399,09
0.48289981,0.41261604,0.01048405,0.03984683,09
0.22835079,0.38064200,0.01409977,0.04266768,09
0.71392721,0.56271338,0.01338433,0.03396499,09
0.35843924,0.81151360,0.35716391,0.37012264,02
0.82463396,0.66545856,0.07177708,0.08634985,02
0.97880363,0.67626262,0.04429632,0.09245854,02
0.16716230,0.60470253,0.05821505,0.08919202,02
0.08724185,0.60209721,0.05366480,0.06166957,02
0.12681918,0.64880860,0.04672806,0.17186481,00
0.65013301,0.65595061,0.02582595,0.10231017,00
0.73051977,0.65759283,0.01784571,0.08095324,00
0.68066102,0.65217745,0.01867587,0.09218980,00
0.87781686,0.70918292,0.04055258,0.18010400,00
0.69052935,0.65303248,0.02233942,0.09122875,00
0.85974663,0.67653018,0.01935080,0.11769981,00
0.59516746,0.63477236,0.01008668,0.06250506,00

