0.83545941,0.58566654,0.06619452,0.03590694,25
0.39610139,0.44391367,0.01014267,0.03838389,09
0.26998511,0.44126996,0.01145785,0.03875130,09
0.48289511,0.41273052,0.01049015,0.03991749,09
0.22837642,0.38060546,0.01407480,0.04280547,09
0.71322423,0.56359559,0.01303781,0.03540307,09
0.35763851,0.81122506,0.36453459,0.36892316,02
0.82310241,0.66590464,0.06952240,0.08633725,02
0.16544779,0.60466522,0.06016346,0.08772905,02
0.97860968,0.67600054,0.04386940,0.09016059,02
0.08795612,0.60238409,0.05354527,0.05961578,02
0.73075956,0.65698254,0.01965562,0.08489417,00
0.12429851,0.65027326,0.04390158,0.15779659,00
0.64845926,0.65297753,0.02105192,0.10354965,00
0.69178045,0.65353447,0.02641485,0.09536568,00
0.87642378,0.70267141,0.04387161,0.18681532,00
0.68002933,0.65229356,0.01890544,0.09362917,00
0.45008922,0.60497707,0.02937803,0.07529106,00
0.50684237,0.63130140,0.02393248,0.07875029,00

