0.83549404,0.58581966,0.06578413,0.03593188,25
0.39610070,0.44401810,0.01005803,0.03855562,09
0.27005419,0.44177860,0.01096457,0.03770864,09
0.48282418,0.41277409,0.01049232,0.03996280,09
0.22835831,0.38089570,0.01364279,0.04209150,09
0.35764778,0.80998015,0.35654929,0.37458050,02
0.82221353,0.66563147,0.07010376,0.08819700,02
0.97910750,0.67631072,0.04378108,0.08951081,02
0.16454816,0.60490721,0.06042179,0.08967607,02
0.08640466,0.60323846,0.05503624,0.05843708,02
0.73073184,0.65642101,0.02045810,0.08752262,00
0.12196527,0.65120304,0.04429972,0.16265671,00
0.69141483,0.65407944,0.02573167,0.09866604,00
0.65142941,0.65416384,0.02066284,0.09740471,00
0.68053377,0.65088338,0.01859019,0.09483267,00
0.64133269,0.64971340,0.01961717,0.09531401,00
0.87711787,0.70944816,0.04523294,0.18108594,00
0.44884375,0.60552037,0.03003689,0.07501876,00
0.66012973,0.65286440,0.01789595,0.09047855,00
0.70012575,0.65134388,0.01668462,0.09309968,00

