0.83626938,0.58577418,0.06592493,0.03577642,25
0.39620790,0.44400007,0.00995356,0.03905345,09
0.27003279,0.44100365,0.01074067,0.03729513,09
0.48303464,0.41287854,0.01049549,0.03933391,09
0.22842902,0.38072479,0.01453980,0.04229168,09
0.71336573,0.56132346,0.01346384,0.03421396,09
0.35918498,0.81106573,0.36048880,0.36843336,02
0.82177323,0.66563904,0.06795034,0.08750694,02
0.16341515,0.60697907,0.06092976,0.09227520,02
0.97851580,0.67630643,0.04380320,0.09251410,02
0.08559879,0.60260040,0.05890217,0.06095691,02
0.90525609,0.88995236,0.20134640,0.23118603,02
0.68996000,0.65389073,0.02904806,0.10172155,00
0.73159617,0.65548670,0.02165091,0.08533355,00
0.64102292,0.65239406,0.02258570,0.10811146,00
0.11937299,0.64876813,0.04097880,0.15977608,00
0.66000170,0.65618980,0.02064323,0.09832125,00
0.87524402,0.70401293,0.04628135,0.17515302,00
0.65222085,0.65466380,0.01824156,0.10044032,00
0.30846101,0.69443893,0.04991180,0.07467575,00

