0.83590168,0.58582234,0.06606033,0.03580068,25
0.39611557,0.44388011,0.00996093,0.03860161,09
0.26996624,0.44161665,0.01055034,0.03864878,09
0.48297215,0.41274756,0.01047302,0.03909946,09
0.22854078,0.38083285,0.01454571,0.04253684,09
0.71343660,0.56176662,0.01345753,0.03417624,09
0.89648044,0.49723288,0.02436905,0.06555227,09
0.36003006,0.81089544,0.35939336,0.36917341,02
0.82100254,0.66561991,0.06519026,0.08706025,02
0.97899288,0.67668015,0.04360904,0.09053827,02
0.08476806,0.60196531,0.05745843,0.06071113,02
0.16332693,0.60710233,0.06080599,0.09134341,02
0.64168543,0.65413767,0.02344180,0.10648163,00
0.69035137,0.65461528,0.02502013,0.10016637,00
0.73243070,0.65484911,0.02295895,0.08973797,00
0.11723315,0.64638966,0.03754595,0.16057771,00
0.66010904,0.65461421,0.01893666,0.09642210,00
0.86477882,0.69558263,0.03645411,0.17746921,00
0.68219167,0.65420330,0.02020822,0.09152847,00
0.70110905,0.65257293,0.01958120,0.09651543,00
0.30856425,0.69498092,0.04946639,0.07506815,00

