0.83611321,0.58584702,0.06696052,0.03556753,25
0.39613912,0.44397244,0.00991312,0.03837455,09
0.26997352,0.44156727,0.01047859,0.03847419,09
0.48299974,0.41272494,0.01044638,0.03908546,09
0.22846307,0.38087428,0.01437491,0.04225508,09
0.71314019,0.56268704,0.01323393,0.03637343,09
0.35919115,0.81037992,0.36140424,0.37170270,02
0.82166344,0.66075248,0.06585423,0.08056078,02
0.16401987,0.60634667,0.06344205,0.09173365,02
0.97878015,0.67629093,0.04311181,0.08664013,02
0.08482601,0.59952432,0.05244945,0.06007675,02
0.85211825,0.66549069,0.11041926,0.10416143,02
0.69057173,0.65209848,0.02601429,0.10357533,00
0.73248374,0.65435714,0.02335613,0.08994553,00
0.64030153,0.65275085,0.02126041,0.10614181,00
0.86139691,0.70017833,0.03855429,0.17269981,00
0.11481865,0.64434510,0.03905838,0.16630211,00
0.68095642,0.65109140,0.01834318,0.09553004,00
0.65940261,0.65444088,0.01682848,0.08460903,00
0.30853626,0.69501483,0.04936394,0.07453775,00
0.49721959,0.63429654,0.01918926,0.07723733,00

