0.83559060,0.58545494,0.06519951,0.03639137,25
0.39612910,0.44402853,0.01002572,0.03838458,09
0.26998642,0.44153044,0.01054498,0.03879536,09
0.48301852,0.41280591,0.01047208,0.03920417,09
0.22879945,0.38073072,0.01443304,0.04261492,09
0.71329415,0.56205785,0.01373387,0.03372920,09
0.35790890,0.81081575,0.36033577,0.37501475,02
0.82057816,0.66086835,0.06146081,0.08088656,02
0.97896063,0.67547756,0.04289133,0.08804012,02
0.16473027,0.60557580,0.06056260,0.09340444,02
0.08621006,0.59963030,0.04696453,0.05717278,02
0.00607697,0.60308349,0.01165482,0.05306333,02
0.11115868,0.64491457,0.03806269,0.16763571,00
0.64007795,0.65505630,0.02295668,0.09883887,00
0.73240787,0.65601110,0.02126530,0.08952024,00
0.68866903,0.65501547,0.02176736,0.09845082,00
0.85922372,0.70497364,0.04555659,0.17016634,00
0.66054243,0.65433425,0.01706951,0.08485321,00
0.49410409,0.63428080,0.01912884,0.07790508,00
0.70250225,0.65126938,0.01690591,0.09646826,00

