0.83589280,0.58643419,0.06668565,0.03538852,25
0.39610156,0.44320384,0.00996390,0.03735907,09
0.48305577,0.41282201,0.01039183,0.03931301,09
0.26957527,0.44204679,0.01110153,0.03894285,09
0.22867469,0.38034555,0.01382845,0.04247749,09
0.71304548,0.56252360,0.01314165,0.03542792,09
0.35738260,0.81092912,0.35750005,0.37781376,02
0.81909120,0.66086030,0.05580876,0.07979701,02
0.97856981,0.67572051,0.04316062,0.08883391,02
0.16575205,0.60542053,0.06111868,0.09394562,02
0.08434266,0.59830540,0.04546445,0.05613256,02
0.85428470,0.67071086,0.10962639,0.09660386,02
0.10954118,0.64453816,0.03929872,0.16682482,00
0.73284376,0.65641743,0.02289596,0.09310303,00
0.65967178,0.65681791,0.01824039,0.08571292,00
0.63848829,0.65425915,0.02188315,0.10380344,00
0.85567433,0.69806218,0.04479525,0.16735730,00
0.49310818,0.63330436,0.02005687,0.07643472,00
0.68900466,0.65526253,0.01968944,0.09785406,00
0.70197129,0.65210909,0.01781069,0.09704623,00
0.68115956,0.65437424,0.01748375,0.09022839,00
0.58477569,0.64228708,0.01822088,0.07372086,00
0.30842060,0.69472253,0.04900413,0.07487843,00

