0.83630890,0.58570993,0.06484455,0.03604014,25
0.39612833,0.44380012,0.00993042,0.03824556,09
0.26959503,0.44191945,0.01096960,0.03877884,09
0.48302218,0.41286796,0.01037723,0.03923148,09
0.22883004,0.38054743,0.01407867,0.04168368,09
0.35728842,0.80961961,0.35709718,0.37690544,02
0.81884211,0.66041619,0.05566572,0.07996731,02
0.97879159,0.67550510,0.04314705,0.08961088,02
0.16620784,0.60606521,0.06074187,0.09515215,02
0.08402333,0.59851563,0.04419220,0.05683805,02
0.85411185,0.66902101,0.11009424,0.09571740,02
0.46976537,0.62854743,0.02400934,0.03862947,02
0.10853229,0.64474511,0.04135821,0.16975617,00
0.73314959,0.65637279,0.02222767,0.09452485,00
0.85211897,0.69556457,0.04513676,0.16119984,00
0.66035640,0.65372735,0.01902404,0.08975629,00
0.63969171,0.65355510,0.02260046,0.10606853,00
0.70207644,0.65234566,0.01840713,0.09889781,00
0.49257094,0.63200444,0.02010632,0.07649208,00
0.68848836,0.65571189,0.02020011,0.09994863,00
0.68083799,0.65366095,0.01836848,0.09065142,00
0.30836803,0.69437802,0.04987331,0.07532448,00
0.61371595,0.63629299,0.01035162,0.06952909,00
0.58428079,0.64266962,0.01807659,0.07361193,00
0.92334700,0.69685781,0.03352103,0.16064525,00

