0.83531737,0.58659387,0.06717475,0.03787962,25
0.39609265,0.44382587,0.01001554,0.03833194,09
0.48288471,0.41266817,0.01023527,0.03836371,09
0.26968494,0.44199648,0.01088645,0.03873185,09
0.22835416,0.38066590,0.01394580,0.04289189,09
0.71358556,0.56295919,0.01315740,0.03478947,09
0.35655248,0.81032008,0.35734341,0.37433627,02
0.97895664,0.67656982,0.04341091,0.09084231,02
0.16584021,0.60625333,0.06213776,0.09549443,02
0.81825691,0.66021395,0.05636056,0.07777570,02
0.85409051,0.67041713,0.11053147,0.09841189,02
0.08377665,0.59725296,0.04365055,0.05840119,02
0.12752026,0.60186714,0.02973527,0.07584573,02
0.63765889,0.65160930,0.02359225,0.11104270,00
0.10216300,0.64766330,0.04449680,0.16789186,00
0.73351383,0.65695155,0.02216426,0.09420633,00
0.65986365,0.65337086,0.02059431,0.09912883,00
0.84936070,0.69662058,0.04877006,0.17239423,00
0.70108521,0.65242499,0.01928210,0.10268801,00
0.49216917,0.63028979,0.02252434,0.08189710,00
0.67995912,0.65506351,0.01818675,0.09217759,00
0.69089621,0.65372294,0.02002065,0.10118035,00
0.92607409,0.70132893,0.02930017,0.13255268,00
0.30863050,0.69486827,0.04926005,0.07618804,00
0.58442897,0.63801336,0.01802225,0.07623207,00
0.03125696,0.59715503,0.02567951,0.07852424,00
0.61326408,0.64470094,0.01209212,0.05837121,00

