0.83533472,0.58659357,0.06680071,0.03724086,25
0.48308936,0.41239285,0.01026953,0.03937276,09
0.39613730,0.44344017,0.01011473,0.03790696,09
0.27001208,0.44184613,0.01091656,0.03963852,09
0.22846669,0.38073635,0.01432296,0.04278183,09
0.89646542,0.49739200,0.02358417,0.06648710,09
0.71362907,0.56208336,0.01313382,0.03386830,09
0.35819188,0.80939698,0.35611421,0.37780365,02
0.97893625,0.67689806,0.04326488,0.09071827,02
0.16743480,0.60582936,0.06099884,0.09508379,02
0.81189370,0.65886551,0.04917281,0.07174190,02
0.85485166,0.66914999,0.11426702,0.09142090,02
0.12782003,0.60066551,0.02996304,0.07129265,02
0.10190967,0.64817506,0.04494222,0.16428064,00
0.84696591,0.69607508,0.04516421,0.17084241,00
0.63615686,0.65254682,0.02633024,0.10782031,00
0.73365021,0.65770364,0.02162316,0.09766532,00
0.66070521,0.65455627,0.02365092,0.09606843,00
0.49076959,0.62793458,0.02345211,0.08543120,00
0.70137906,0.65480751,0.01908132,0.10156137,00
0.69012338,0.65524191,0.01883403,0.10343163,00
0.61165696,0.64406341,0.01288563,0.06155361,00
0.30819571,0.69415557,0.05034533,0.07609844,00
0.68127894,0.65505505,0.01607197,0.09168248,00
0.92428607,0.69649976,0.02732500,0.12549490,00

