0.83539093,0.58649898,0.06487317,0.03704914,25
0.48289907,0.41248092,0.01025796,0.03842260,09
0.39609152,0.44351798,0.00992659,0.03795252,09
0.27023950,0.44136104,0.01045525,0.03872104,09
0.22879645,0.38040468,0.01430519,0.04264306,09
0.71346086,0.56292981,0.01294739,0.03494003,09
0.89634264,0.49731797,0.02357307,0.06552955,09
0.35693741,0.81041485,0.36042768,0.37476003,02
0.97866774,0.67464077,0.04278928,0.08640596,02
0.16713862,0.60591716,0.06259752,0.09363048,02
0.81165153,0.65909433,0.04751736,0.07537781,02
0.85443336,0.66527307,0.11009440,0.08929791,02
0.73422122,0.65755260,0.01882651,0.09672169,00
0.10025230,0.64865154,0.04547304,0.16334687,00
0.84589243,0.70099807,0.04558035,0.16722803,00
0.63584435,0.65418065,0.02441936,0.10335650,00
0.70122540,0.65503901,0.01793078,0.09806757,00
0.66017389,0.65677595,0.01988433,0.09162584,00
0.68940616,0.65666175,0.01868869,0.09702422,00
0.48953724,0.62927973,0.02321615,0.08433532,00
0.68131453,0.65573579,0.01658275,0.08636454,00
0.61105740,0.64455456,0.01161668,0.05916642,00
0.92411786,0.69804001,0.02935901,0.12584932,00
0.58427054,0.63759261,0.01676760,0.07603545,00

