0.83583498,0.58682704,0.06374831,0.03555651,25
0.39636117,0.44339916,0.00988482,0.03916826,09
0.27009892,0.44168752,0.01074965,0.04002098,09
0.48291683,0.41147822,0.01061346,0.03646561,09
0.89653540,0.49704990,0.02441078,0.06539264,09
0.22779006,0.38057998,0.01268551,0.04530470,09
0.35786784,0.81195825,0.35722557,0.37256819,02
0.97883457,0.67489350,0.04319785,0.08641986,02
0.81071955,0.65779912,0.04632195,0.07402995,02
0.16745843,0.60583442,0.06264102,0.09390796,02
0.12758154,0.60023159,0.03000221,0.07385702,02
0.85764897,0.67062181,0.10960853,0.09307615,02
0.90594071,0.88428450,0.20032550,0.23423883,02
0.73416519,0.65596038,0.01977327,0.09325609,00
0.63530999,0.65346521,0.02381152,0.10307988,00
0.09804854,0.64743841,0.04310015,0.15915683,00
0.65933877,0.65586215,0.02209938,0.09091860,00
0.69167179,0.65503824,0.02267494,0.09407878,00
0.84565443,0.69720978,0.04671993,0.17279267,00
0.70139998,0.65362227,0.01932946,0.09783797,00
0.48910898,0.62893736,0.02208682,0.08132023,00
0.30948710,0.69493711,0.05023286,0.07595602,00
0.67854089,0.65409791,0.01504152,0.08609211,00
0.61104912,0.64494175,0.01215609,0.05790476,00
0.92348510,0.69658351,0.02569484,0.13562362,00
0.02987161,0.60034460,0.01461610,0.06687636,00

