0.83620310,0.58647853,0.06548173,0.03711669,25
0.39634439,0.44235739,0.01001180,0.03905229,09
0.26971743,0.44144750,0.01113520,0.03889200,09
0.48292005,0.41148326,0.01067145,0.03650783,09
0.89656991,0.49667242,0.02397989,0.06518139,09
0.22817017,0.38093072,0.01286157,0.04327042,09
0.35720196,0.81192118,0.36054063,0.36922559,02
0.97896957,0.67493552,0.04290898,0.08790803,02
0.16809157,0.60505414,0.06304883,0.09366464,02
0.81020910,0.65737927,0.04411675,0.07436417,02
0.13449317,0.59696764,0.02556545,0.06201456,02
0.90656662,0.88272554,0.20250532,0.23470630,02
0.83676815,0.70325476,0.04933926,0.17160796,00
0.09767244,0.64860904,0.04213042,0.16065188,00
0.65948623,0.65403104,0.02059694,0.09474232,00
0.73417699,0.65607345,0.02182967,0.09549296,00
0.69181281,0.65630579,0.02203391,0.09998605,00
0.63476777,0.65179193,0.02216562,0.10112844,00
0.70056003,0.65400672,0.02193323,0.10308480,00
0.48414221,0.63328636,0.02945939,0.07398995,00
0.30942947,0.69463199,0.05010491,0.07534260,00
0.67934716,0.65401906,0.01459249,0.09002645,00
0.61102474,0.64364088,0.01184405,0.06198119,00
0.02941775,0.59746575,0.01565282,0.07013720,00

