0.83565593,0.58700860,0.06443246,0.03625060,25
0.39637890,0.44335419,0.00993486,0.03929853,09
0.27007219,0.44172820,0.01081972,0.04007239,09
0.48292249,0.41144514,0.01070294,0.03648549,09
0.89648438,0.49727041,0.02437746,0.06482278,09
0.22730318,0.38079253,0.01290812,0.04526521,09
0.35722026,0.81136966,0.35798153,0.37521863,02
0.97871178,0.67437249,0.04300442,0.08368687,02
0.16849110,0.60533136,0.06161406,0.09510801,02
0.80943155,0.65724570,0.04399316,0.07391473,02
0.13492253,0.59690213,0.02502511,0.06083212,02
0.90641493,0.88583237,0.20358434,0.23546587,02
0.09450172,0.64621842,0.04336778,0.16130568,00
0.65967017,0.65413553,0.02012330,0.08987592,00
0.69283247,0.65610683,0.02331923,0.09820472,00
0.73407573,0.65629941,0.02007473,0.09667981,00
0.63356525,0.65383261,0.02265311,0.09692730,00
0.48483130,0.63353926,0.02670526,0.07638194,00
0.83492225,0.69872165,0.04005178,0.17780513,00
0.30938053,0.69476056,0.04991478,0.07585517,00
0.67931253,0.65243649,0.01576339,0.08884014,00

