0.83593011,0.58681959,0.06359678,0.03732846,25
0.39637482,0.44344154,0.00978456,0.03946464,09
0.27017635,0.44179231,0.01066889,0.04021818,09
0.48284903,0.41140836,0.01053297,0.03599033,09
0.89656800,0.49729002,0.02439065,0.06470662,09
0.22816068,0.38092065,0.01290062,0.04398252,09
0.35697061,0.81210935,0.36019558,0.37075099,02
0.16883887,0.60577393,0.06056151,0.09391510,02
0.97917253,0.67411572,0.04337483,0.08818088,02
0.80591124,0.65777987,0.03258529,0.07328711,02
0.12730843,0.60076177,0.03151349,0.06692769,02
0.09264015,0.64582318,0.04257312,0.15684271,00
0.65999472,0.65435040,0.02245440,0.09575381,00
0.63328028,0.65201771,0.02344591,0.10397103,00
0.73363382,0.65708113,0.02215000,0.09443846,00
0.69138694,0.65706497,0.02199283,0.09771390,00
0.70117170,0.65685606,0.02299531,0.09859442,00
0.48402375,0.63409674,0.02752538,0.07769005,00
0.83279741,0.70072997,0.04398281,0.16765615,00
0.24828900,0.62050605,0.01082217,0.05707214,00
0.30880603,0.69487727,0.04987917,0.07645023,00

