0.83578467,0.58715290,0.06447575,0.03779356,25
0.39636329,0.44358006,0.00970111,0.03941946,09
0.27009034,0.44159216,0.01067821,0.03985523,09
0.48284936,0.41145691,0.01054390,0.03601358,09
0.89654613,0.49718407,0.02444488,0.06488499,09
0.22719280,0.38069290,0.01249667,0.04533760,09
0.35815093,0.81228715,0.36017784,0.36910585,02
0.80456495,0.65823203,0.03130984,0.07362304,02
0.16902198,0.60606104,0.06032528,0.09544751,02
0.97888577,0.67477095,0.04337589,0.08220068,02
0.12558830,0.59907711,0.04229048,0.07396072,02
0.87366152,0.67128956,0.05215016,0.07981040,02
0.66059983,0.65646279,0.02278848,0.09664433,00
0.63281441,0.65281659,0.02337931,0.10378172,00
0.08772917,0.64395887,0.03695526,0.16371821,00
0.83159214,0.69933760,0.04426273,0.17190060,00
0.73413402,0.65768826,0.02005828,0.09400911,00
0.70108151,0.65683138,0.02382023,0.10125689,00
0.69182509,0.65617657,0.02261121,0.10220257,00
0.24818802,0.62090677,0.01091404,0.05681052,00
0.48252401,0.63334519,0.02119509,0.07492991,00
0.61340684,0.64530873,0.01118174,0.05727376,00
0.68081665,0.64970785,0.01555065,0.09323390,00
0.30864093,0.69498092,0.05008097,0.07758615,00

