0.83628327,0.58693808,0.06548271,0.03822115,25
0.39639357,0.44267249,0.00990456,0.03834189,09
0.26999167,0.44087440,0.01021096,0.03830715,09
0.48286241,0.41141728,0.01055037,0.03591278,09
0.89640415,0.49717644,0.02373652,0.06522040,09
0.22768755,0.38078356,0.01325232,0.04369640,09
0.35872152,0.81203866,0.36197680,0.37403452,02
0.16929185,0.60586387,0.05743112,0.09271122,02
0.97861379,0.67295867,0.04405548,0.08271611,02
0.85873270,0.67516607,0.10886534,0.08918099,02
0.12475656,0.59878159,0.04336544,0.07389815,02
0.63024700,0.65244740,0.02383398,0.10642233,00
0.08391169,0.64601976,0.03230871,0.16255167,00
0.66264105,0.65596670,0.02213472,0.09442182,00
0.69233054,0.65664798,0.02281394,0.09785862,00
0.73428226,0.65665680,0.01894861,0.08878433,00
0.83037072,0.69798440,0.04177565,0.17252807,00
0.98423666,0.71744686,0.03018931,0.20811974,00
0.30941373,0.69416773,0.05127121,0.07497244,00
0.03457379,0.60009015,0.01978369,0.08044439,00
0.24856091,0.62092984,0.01123255,0.05585163,00

