0.83526498,0.58636487,0.06502303,0.03756461,25
0.39642033,0.44333240,0.00958929,0.03904559,09
0.26969832,0.44160157,0.01102820,0.03861198,09
0.48287845,0.41142806,0.01058311,0.03599842,09
0.22774425,0.38088560,0.01276102,0.04485501,09
0.89651060,0.49683762,0.02440859,0.06379648,09
0.35893586,0.81133980,0.35751635,0.37001926,02
0.97864050,0.67045313,0.04261248,0.08456406,02
0.16904978,0.60541683,0.05954889,0.09435526,02
0.85625559,0.67047650,0.10232637,0.08730675,02
0.12296963,0.59912515,0.04589707,0.07300962,02
0.66384917,0.65538549,0.02040753,0.09866251,00
0.63020438,0.65103525,0.01962974,0.10067099,00
0.08232091,0.64679623,0.03227033,0.15903732,00
0.69261694,0.65696818,0.02324130,0.09927186,00
0.82650584,0.69981652,0.04109288,0.17171794,00
0.74021143,0.65498286,0.02271125,0.08636381,00
0.98472846,0.72103196,0.03122725,0.20998803,00
0.03546941,0.60085654,0.01913877,0.08210019,00
0.48040557,0.63328207,0.02185489,0.07129937,00
0.24791695,0.62049598,0.01166163,0.05685596,00
0.61294675,0.63648558,0.01083846,0.06449118,00

