0.83521187,0.58610755,0.06542856,0.03795628,25
0.39645860,0.44311219,0.00950555,0.03879040,09
0.26964641,0.44173756,0.01104105,0.03852407,09
0.48292440,0.41144556,0.01062787,0.03611779,09
0.22830045,0.38082206,0.01300833,0.04444595,09
0.89637583,0.49719417,0.02456765,0.06495952,09
0.16910209,0.60483634,0.06219633,0.09374768,02,07
0.35795328,0.81148040,0.35921577,0.37456650,02
0.97869098,0.67029786,0.04323266,0.08600309,02
0.85610873,0.67287278,0.09128051,0.09396853,02
0.66398728,0.65611482,0.02022545,0.09481027,00
0.63001108,0.65162104,0.02064820,0.10519665,00
0.08150844,0.64765882,0.03240510,0.16132645,00
0.69988632,0.65633327,0.02306310,0.10082216,00
0.82333803,0.69981468,0.03615187,0.17362757,00
0.73448056,0.65571415,0.01880885,0.09007673,00
0.24688207,0.62081712,0.01201701,0.06348822,00
0.98513532,0.74291593,0.03207241,0.16814828,00
0.61290908,0.63653493,0.01127640,0.06436587,00
0.89292979,0.69612837,0.01713142,0.13578218,00

