0.83612108,0.58616960,0.06758793,0.03880443,25
0.39629629,0.44255626,0.00993559,0.03996352,09
0.48295879,0.41132480,0.01074050,0.03634447,09
0.26967841,0.44169229,0.01123928,0.03951701,09
0.22841838,0.38097617,0.01373896,0.04451827,09
0.89642876,0.49718416,0.02442363,0.06502842,09
0.71385497,0.56098551,0.01377796,0.03296911,09
0.17437997,0.60739225,0.06987102,0.10215247,07
0.35811794,0.81029940,0.36102194,0.37483743,02
0.85705465,0.67350471,0.10882536,0.08960712,02
0.90632337,0.89032209,0.20411329,0.22836763,02
0.16903040,0.60553133,0.06142553,0.09340933,02
0.63017488,0.65244102,0.02239950,0.10264937,00
0.66550469,0.65696239,0.02133107,0.09846997,00
0.08089979,0.64706820,0.03596505,0.16026582,00
0.70025784,0.65727246,0.02382505,0.10044186,00
0.82145429,0.70288855,0.03388996,0.17913625,00
0.98464656,0.72412246,0.03000496,0.20676140,00
0.74027562,0.65708923,0.01938196,0.08661810,00
0.24666131,0.62022173,0.01213519,0.05841866,00
0.61172128,0.63605714,0.01134691,0.06428386,00
0.58456558,0.63534176,0.01152722,0.06462616,00

