0.83638144,0.58656085,0.06706873,0.03810073,25
0.39629871,0.44258896,0.01010117,0.04002793,09
0.26982284,0.44127414,0.01122303,0.03860421,09
0.48304468,0.41127625,0.01087013,0.03640219,09
0.89640570,0.49741307,0.02391486,0.06453774,09
0.22792307,0.38092834,0.01341710,0.04428495,09
0.71409565,0.56128144,0.01381825,0.03378817,09
0.17462741,0.60708427,0.07938997,0.09511574,07
0.35839316,0.81171834,0.35731021,0.37172884,02
0.85558468,0.67531294,0.10258278,0.09482004,02
0.90594441,0.89121348,0.20748131,0.22975719,02
0.62973529,0.65324330,0.02154902,0.10339005,00
0.66568887,0.65796667,0.02045497,0.09897476,00
0.07492161,0.65027654,0.04121266,0.15295392,00
0.70024323,0.65677166,0.02079873,0.09901147,00
0.74048376,0.65762186,0.02042323,0.08930480,00
0.81253529,0.70166212,0.03157333,0.17508724,00
0.98167449,0.72178799,0.03256863,0.19839561,00
0.89294422,0.69587010,0.01669776,0.13635080,00
0.61047465,0.63681579,0.01189391,0.06585308,00

