0.83641618,0.58610433,0.06688242,0.03737711,25
0.39632440,0.44269323,0.01014521,0.03999130,09
0.48300347,0.41146696,0.01081412,0.03658858,09
0.27002582,0.44094044,0.01116613,0.03818542,09
0.89638346,0.49753255,0.02446284,0.06388084,09
0.22834808,0.38089558,0.01304118,0.04464104,09
0.17635122,0.60865456,0.07326200,0.09846237,07
0.35953110,0.81148630,0.35371608,0.36616629,02
0.88321453,0.67458218,0.12818143,0.09350472,02
0.90543526,0.88893133,0.20766957,0.23508665,02
0.10989141,0.60244918,0.05416592,0.06775163,02
0.66709185,0.65694207,0.01927957,0.10220473,00
0.62877119,0.65335011,0.02068191,0.10177777,00
0.74015677,0.65893960,0.02344172,0.09437241,00
0.70047706,0.65641940,0.02143653,0.09922276,00
0.80943859,0.70131749,0.03163292,0.18499406,00
0.07212310,0.65196025,0.04232968,0.15485503,00
0.82160759,0.69837242,0.03192275,0.17406867,00
0.89305848,0.69476986,0.01750157,0.13743022,00
0.98087430,0.72024488,0.03349462,0.20045853,00
0.24600531,0.62129283,0.01408245,0.05686472,00
0.60932380,0.63665771,0.01204156,0.06463233,00
0.90407580,0.69738466,0.03620904,0.18134086,00

