0.83664840,0.58548772,0.06555586,0.03827601,25
0.39633960,0.44277117,0.01001309,0.03996095,09
0.48295268,0.41146183,0.01065458,0.03642520,09
0.26992869,0.44127339,0.01131062,0.03893558,09
0.89637244,0.49745864,0.02456385,0.06396965,09
0.22818492,0.38089862,0.01392358,0.04582115,09
0.71368271,0.56032264,0.01389867,0.03104060,09
0.17630449,0.60865200,0.07473106,0.09707753,07
0.35837901,0.81235027,0.35756943,0.37139073,02
0.10182077,0.60432017,0.04694140,0.06004388,02
0.90474361,0.89026171,0.20554911,0.23046218,02
0.01711490,0.59762681,0.02840760,0.05508603,02
0.17613307,0.60797328,0.08127052,0.09316347,02
0.88231307,0.67459494,0.11453822,0.09797104,02
0.74024695,0.65836310,0.02408777,0.09287176,00
0.06851722,0.65028858,0.05070725,0.16065906,00
0.80941099,0.70297688,0.03443634,0.18165511,00
0.70098221,0.65518916,0.02291199,0.09942443,00
0.62752706,0.65149772,0.02077329,0.10207624,00
0.66765469,0.65651739,0.01930290,0.09802614,00
0.89278811,0.69448298,0.01923168,0.14210056,00
0.98067492,0.72461420,0.03169737,0.20542262,00
0.24557771,0.62074840,0.01464265,0.05405389,00
0.58498597,0.63545716,0.01175529,0.06925719,00

