0.83575433,0.58627433,0.06701043,0.03827836,25
0.39631617,0.44276133,0.01003888,0.03996047,09
0.48291081,0.41161448,0.01058674,0.03641384,09
0.26997823,0.44093758,0.01119835,0.03828186,09
0.22829194,0.38080320,0.01363392,0.04596609,09
0.89633006,0.49720252,0.02496727,0.06458912,09
0.71377528,0.55968070,0.01379930,0.03149984,09
0.17703688,0.60664707,0.07006238,0.10037357,02,07
0.35811615,0.81216341,0.36133084,0.37019300,02
0.10155023,0.60394073,0.04948252,0.06140341,02
0.90382558,0.88631451,0.20658992,0.23405813,02
0.01780696,0.59658951,0.02692669,0.05641466,02
0.69982159,0.65750706,0.02732215,0.10181211,00
0.74016976,0.65847635,0.02385771,0.09341480,00
0.80661362,0.70341676,0.04108045,0.18411219,00
0.62718040,0.65113890,0.02159417,0.10247581,00
0.06814995,0.64975381,0.04947164,0.16325085,00
0.66838819,0.65207326,0.02166652,0.10554861,00
0.89267689,0.69517231,0.01992445,0.14046082,00
0.98022801,0.72589892,0.03220034,0.20011790,00
0.60206151,0.63655734,0.01713434,0.07063624,00
0.58483613,0.63562965,0.01194814,0.06999529,00

