0.83592612,0.58608711,0.06787822,0.03779135,25
0.39644942,0.44270191,0.01031201,0.03989213,09
0.48272681,0.41166565,0.01087258,0.03612299,09
0.89640951,0.49743250,0.02485075,0.06451505,09
0.26929089,0.44181561,0.01200157,0.03918277,09
0.22843464,0.38117710,0.01371687,0.04335367,09
0.17717046,0.60806024,0.07262260,0.09615798,02,07
0.35907781,0.81122035,0.35891750,0.37289658,02
0.10066039,0.60353667,0.04893460,0.05839381,02
0.88274652,0.67733735,0.11592823,0.09812973,02
0.90550834,0.88911533,0.21261936,0.23408763,02
0.69907951,0.65625548,0.02791133,0.10555748,00
0.62645286,0.65210974,0.02085760,0.09663303,00
0.74012470,0.65779376,0.02374132,0.09283143,00
0.06747837,0.65033889,0.04905254,0.16173838,00
0.97835147,0.72876298,0.03450118,0.19509168,00
0.80365503,0.70397753,0.04693113,0.18311509,00
0.66845918,0.65492421,0.01964111,0.10102698,00
0.89286691,0.69449949,0.02020650,0.14198291,00
0.24457799,0.62102169,0.01487787,0.05801948,00
0.46971092,0.63037980,0.02178698,0.08187568,00
0.60210091,0.63695133,0.01650042,0.07052898,00

