0.83690703,0.58595854,0.06712873,0.03953308,25
0.39649415,0.44277453,0.01014003,0.03949125,09
0.48270980,0.41150963,0.01065267,0.03579633,09
0.26996627,0.44116464,0.01134719,0.03916976,09
0.89635611,0.49741054,0.02471036,0.06475544,09
0.71355748,0.56078231,0.01367499,0.03084668,09
0.22820646,0.38131922,0.01366767,0.04443610,09
0.17775197,0.60738409,0.07263698,0.09587818,02,07
0.35802832,0.81205535,0.35914510,0.37485224,02
0.10080800,0.60408628,0.05456452,0.06049781,02
0.90534258,0.89156544,0.21129103,0.22825865,02
0.88324237,0.67411935,0.12575032,0.09031551,02
0.79953724,0.70269454,0.05978027,0.18807153,00
0.62655562,0.65156507,0.02170828,0.10326485,00
0.70006734,0.65597588,0.02849776,0.10124638,00
0.73940009,0.65835679,0.02482907,0.09512469,00
0.97656322,0.72657746,0.03563739,0.19503474,00
0.06543141,0.64754832,0.04893005,0.16083097,00
0.66837096,0.65298706,0.02088517,0.09963901,00
0.89260942,0.69373107,0.02045240,0.14516485,00
0.24469639,0.62147838,0.01442658,0.05719877,00
0.46965423,0.63326538,0.02164392,0.07873642,00
0.60129118,0.63700390,0.01661757,0.06922954,00

