0.83667231,0.58588308,0.06753657,0.03874369,25
0.39652434,0.44272363,0.01026193,0.03953343,09
0.26997939,0.44103125,0.01133799,0.03886331,09
0.48271927,0.41153347,0.01062995,0.03576148,09
0.89641088,0.49735692,0.02465792,0.06458342,09
0.22833546,0.38130403,0.01360115,0.04398587,09
0.71353036,0.56104982,0.01358356,0.03107294,09
0.17879751,0.60885471,0.07506415,0.09357125,02,07
0.35799021,0.81199509,0.35819006,0.37627548,02
0.09861363,0.60449481,0.05484420,0.05934300,02
0.88330573,0.67576545,0.13496894,0.09524950,02
0.90622884,0.89136052,0.21337299,0.22793718,02
0.70002949,0.65426403,0.02711789,0.10226202,00
0.66878659,0.65147990,0.02173150,0.10271614,00
0.62583029,0.65124279,0.02224447,0.09483374,00
0.73964834,0.65793270,0.02342232,0.09379973,00
0.06313588,0.64620692,0.04658956,0.16053391,00
0.79975128,0.70773184,0.05394886,0.17921486,00
0.97593135,0.72628486,0.03612052,0.20846657,00
0.89173877,0.69366437,0.02233099,0.14146198,00
0.60054004,0.63632357,0.01764226,0.06830467,00
0.24446502,0.62174517,0.01559981,0.05329259,00

