0.83534360,0.58689308,0.06652649,0.03721898,25
0.27012315,0.44202074,0.01107524,0.03999313,09
0.89635831,0.49699789,0.02417298,0.06394446,09
0.39601067,0.44400841,0.01138579,0.03859357,09
0.48262265,0.41169789,0.01069232,0.03809246,09
0.22892010,0.38097817,0.01507548,0.04253349,09
0.17922997,0.60736185,0.07392183,0.09294636,07
0.35743022,0.80927199,0.35278773,0.38149321,02
0.09831395,0.60409641,0.05353688,0.05916280,02
0.88278246,0.67450660,0.13087869,0.09127026,02
0.90478593,0.89141899,0.20739463,0.23209192,02
0.66904783,0.65072435,0.02301444,0.10304265,00
0.79603368,0.70868617,0.05567496,0.18093529,00
0.62483215,0.65238804,0.02163050,0.09890426,00
0.69993597,0.65288478,0.02661869,0.10345940,00
0.74050093,0.65670538,0.02121262,0.08845503,00
0.05938404,0.63591784,0.04481954,0.16607891,00
0.89249742,0.69525373,0.02189773,0.14569928,00
0.97742796,0.72599661,0.03370217,0.20202501,00
0.59993368,0.63720167,0.01718097,0.06931435,00
0.24372071,0.62142599,0.01558247,0.05631070,00
0.73338848,0.65318322,0.01729764,0.08639514,00

