0.83470917,0.58749950,0.06613501,0.03767622,25
0.27021348,0.44196320,0.01095127,0.04006136,09
0.39599451,0.44405010,0.01125859,0.03820703,09
0.89637476,0.49758574,0.02401525,0.06550983,09
0.48264980,0.41164196,0.01062522,0.03736332,09
0.22880757,0.38098875,0.01518612,0.04253011,09
0.17924421,0.60733533,0.07450770,0.09503221,07
0.35829401,0.81110781,0.35903248,0.37762618,02
0.09756749,0.60277605,0.05484411,0.06076623,02
0.90446764,0.88984632,0.20439687,0.23350276,02
0.88409072,0.67524028,0.12294991,0.09542164,02
0.69926184,0.65677160,0.02676890,0.10394953,00
0.74033988,0.65810502,0.02285366,0.09373786,00
0.05671550,0.64477193,0.03529901,0.15962960,00
0.79627752,0.70868671,0.05161152,0.17663920,00
0.62473959,0.65199816,0.02063867,0.09619101,00
0.66911203,0.65132344,0.02041905,0.09932052,00
0.96690226,0.72250593,0.04683278,0.20808759,00
0.89214116,0.69501323,0.02234226,0.14347692,00
0.83290666,0.67259163,0.02485195,0.10876110,00
0.24358717,0.62120223,0.01460968,0.05639403,00
0.60050267,0.63648272,0.01791873,0.07033440,00
0.90057707,0.69680506,0.03378944,0.17836154,00

