0.83565617,0.58648562,0.06802375,0.03700195,25
0.26952797,0.44166201,0.01086143,0.03882134,09
0.39602989,0.44320741,0.01110747,0.03944021,09
0.89660251,0.49685165,0.02330264,0.06458560,09
0.48261708,0.41168404,0.01055022,0.03788719,09
0.22802484,0.38099658,0.01456754,0.04293009,09
0.18709169,0.61307031,0.08916141,0.09760776,07
0.35842654,0.81028545,0.35477087,0.37749538,02
0.88322973,0.67545545,0.13245200,0.09591954,02
0.09710242,0.60318583,0.05346494,0.06061589,02
0.90518647,0.88821167,0.20643207,0.23859787,02
0.78448725,0.70781112,0.06218505,0.18163699,00
0.96495706,0.72328979,0.05528020,0.20338164,00
0.74009603,0.65681231,0.02364522,0.09230112,00
0.70032275,0.65555185,0.02498783,0.10560855,00
0.66928577,0.65221679,0.02101573,0.10915345,00
0.89174885,0.69460815,0.02297545,0.14388432,00
0.05434315,0.64342916,0.03229231,0.16235481,00
0.62366784,0.65257913,0.01904138,0.09453970,00
0.24286310,0.62154394,0.01555704,0.05331733,00
0.60008246,0.64390314,0.01279011,0.06034748,00

