0.83564830,0.58641070,0.06848595,0.03682752,25
0.26998290,0.44105363,0.01115001,0.03902233,09
0.39596346,0.44383320,0.01147937,0.03834025,09
0.22851244,0.38100928,0.01420120,0.04545692,09
0.48265603,0.41147304,0.01065342,0.03750697,09
0.89648718,0.49754483,0.02385955,0.06574490,09
0.18082429,0.60520548,0.07621725,0.09370685,07
0.35857087,0.81144887,0.35545856,0.37453505,02
0.09873431,0.60481244,0.05512013,0.05656401,02
0.90516180,0.88917023,0.20462216,0.23189117,02
0.88177478,0.67494285,0.13104929,0.09567115,02
0.78425330,0.70762432,0.06288416,0.17866032,00
0.96209407,0.72095543,0.05651006,0.20186861,00
0.74063742,0.65844065,0.02137134,0.09164052,00
0.70093840,0.65348256,0.02395130,0.11244261,00
0.66966009,0.65181834,0.02024681,0.10511506,00
0.62386912,0.65233403,0.02129816,0.09846129,00
0.05017713,0.63612878,0.03631563,0.16182441,00
0.89131659,0.69401455,0.02410762,0.13835953,00
0.59801263,0.64336509,0.01516350,0.06652417,00
0.82448423,0.66893905,0.02645914,0.11421586,00
0.24368943,0.62123543,0.01415718,0.05508009,00

