0.83538377,0.58647358,0.06615859,0.03725858,25
0.27006772,0.44132942,0.01106400,0.03959360,09
0.39599884,0.44405392,0.01137007,0.03875572,09
0.48265588,0.41155225,0.01065617,0.03760244,09
0.22801380,0.38116914,0.01440783,0.04180899,09
0.89645177,0.49769124,0.02390374,0.06479599,09
0.18244889,0.60614169,0.08580614,0.09324528,07
0.35934246,0.81168336,0.35371143,0.37199005,02
0.09968557,0.60352004,0.06321418,0.05846125,02
0.98217434,0.67334098,0.03065657,0.08395033,02
0.90545243,0.88898087,0.20451012,0.23478323,02
0.78337896,0.71151942,0.05831702,0.17642155,00
0.95841718,0.72164392,0.05792934,0.19932221,00
0.74138737,0.65897578,0.02109396,0.09169395,00
0.67263943,0.64942276,0.02309070,0.10766815,00
0.89155531,0.69524759,0.02663152,0.14274228,00
0.62311548,0.64974272,0.01986169,0.10614240,00
0.70198357,0.65292734,0.02292135,0.11315425,00
0.04885619,0.63548172,0.03797775,0.15445562,00
0.82543689,0.66889572,0.02707563,0.10942588,00
0.24265979,0.62180507,0.01386522,0.05274104,00
0.59766573,0.63614792,0.01284535,0.06191141,00

