0.83539259,0.58658117,0.06804686,0.03744755,25
0.27006841,0.44052202,0.01126206,0.03827010,09
0.39600459,0.44395438,0.01124194,0.03869343,09
0.48266375,0.41164273,0.01063005,0.03778541,09
0.89637154,0.49774957,0.02408584,0.06493469,09
0.22808780,0.38119912,0.01442748,0.04196033,09
0.18230285,0.60652661,0.09290244,0.09273724,07
0.35990071,0.81084299,0.35925254,0.37653470,02
0.90540385,0.88845724,0.20657405,0.23681660,02
0.09835954,0.60369122,0.05196394,0.05783682,02
0.77677870,0.70818591,0.04226618,0.17574817,00
0.95645714,0.72261924,0.05536698,0.19833246,00
0.74057174,0.65852183,0.02075973,0.08969843,00
0.62354463,0.65190750,0.02119859,0.10190701,00
0.70118117,0.65778267,0.02340823,0.09982025,00
0.67280346,0.64805442,0.02154820,0.10438947,00
0.82462591,0.67118096,0.02299943,0.11392146,00
0.89140469,0.69299656,0.02565636,0.14830680,00
0.04660435,0.64527810,0.03721157,0.15752500,00
0.99275106,0.70390224,0.01331775,0.21674836,00
0.33743316,0.58909327,0.03119569,0.06302480,00
0.59663922,0.63828260,0.01780919,0.07017813,00
0.06152200,0.62234402,0.02010111,0.10825383,00
0.73309624,0.65573442,0.01735887,0.08692085,00

