0.83474404,0.58681053,0.06783673,0.03776174,25
0.27007303,0.44161105,0.01088297,0.03984230,09
0.39597997,0.44379851,0.01121495,0.03811624,09
0.48263228,0.41167194,0.01060609,0.03782081,09
0.22800094,0.38118494,0.01451961,0.04131714,09
0.89653367,0.49779558,0.02353397,0.06444895,09
0.18258366,0.60572648,0.09186170,0.09410697,07
0.35847399,0.81013310,0.35252300,0.37540361,02
0.85187268,0.67206824,0.09986861,0.09406290,02
0.11130280,0.60010475,0.06435018,0.06668817,02
0.77417612,0.70672357,0.04244452,0.17416880,00
0.74115521,0.65849149,0.02112179,0.08872440,00
0.62346232,0.65324014,0.02209692,0.10413675,00
0.67245913,0.65248650,0.02131418,0.11193775,00
0.95317507,0.72006458,0.05088570,0.20905320,00
0.70143688,0.65839994,0.02355813,0.10994802,00
0.04560565,0.64430535,0.03955733,0.16013218,00
0.82474405,0.67173618,0.02548200,0.10986862,00
0.98725760,0.71322244,0.02663340,0.20637080,00
0.89117253,0.69339401,0.02690874,0.14768569,00
0.06339350,0.61216760,0.01955337,0.10327312,00
0.33379444,0.58890772,0.04456181,0.06402965,00

