0.83525121,0.58620262,0.06719155,0.03586738,25
0.27009943,0.44108364,0.01104470,0.03986230,09
0.39596611,0.44381443,0.01124599,0.03793789,09
0.89655644,0.49787161,0.02356101,0.06526101,09
0.48263845,0.41164109,0.01056402,0.03733381,09
0.22826782,0.38115403,0.01433526,0.04177807,09
0.18276212,0.60641396,0.09447863,0.09539099,07
0.35895151,0.80977464,0.35987619,0.37409893,02
0.83654314,0.66889602,0.09134428,0.09554871,02
0.09901453,0.60324246,0.05772848,0.06088729,02
0.90677470,0.88787520,0.20635843,0.23573914,02
0.77013075,0.70468158,0.03830381,0.17696910,00
0.62314242,0.65029860,0.02312935,0.10586730,00
0.67343211,0.65177393,0.02268128,0.11388405,00
0.70261461,0.65897673,0.02355139,0.10484312,00
0.74068373,0.65937215,0.02053449,0.09259014,00
0.04550173,0.63463128,0.04255696,0.17471862,00
0.95207918,0.71838671,0.04595642,0.20262861,00
0.82514650,0.67431623,0.02389458,0.10814916,00
0.98507541,0.71123201,0.02968763,0.18663837,00
0.89054459,0.69284165,0.02648422,0.14353803,00
0.59546518,0.63705724,0.01738710,0.07118049,00
0.58350271,0.63426894,0.01181315,0.06702040,00
0.06293024,0.60718429,0.02037336,0.10100445,00

