0.83527994,0.58658326,0.06666671,0.03531528,25
0.27029330,0.44117033,0.01091485,0.04040000,09
0.39600012,0.44387695,0.01128392,0.03867741,09
0.48265037,0.41144994,0.01058635,0.03763232,09
0.89640570,0.49792054,0.02455529,0.06464505,09
0.22790234,0.38113999,0.01394818,0.04306554,09
0.18275754,0.60527104,0.09381184,0.09454053,07
0.35868114,0.81068754,0.35669234,0.37195912,02
0.83665925,0.67010123,0.08949403,0.09753599,02
0.11039457,0.60025615,0.06445793,0.06593070,02
0.90557379,0.88896078,0.20524731,0.23424223,02
0.76673257,0.70257157,0.03405438,0.18053970,00
0.62256306,0.64842969,0.02216679,0.10719150,00
0.70365250,0.65830553,0.02273414,0.11262088,00
0.67381346,0.65176821,0.02181108,0.11211155,00
0.74019617,0.65909743,0.01839271,0.09356259,00
0.04036780,0.64494473,0.04778860,0.16701998,00
0.82326996,0.67258650,0.02575115,0.10720868,00
0.98272675,0.70579988,0.03319139,0.17796351,00
0.88902712,0.69362468,0.02699287,0.13489871,00
0.59460479,0.63746154,0.01687959,0.07299753,00
0.65330952,0.63577819,0.01161300,0.06883498,00
0.06055840,0.61086464,0.02099813,0.09681616,00

