0.83542764,0.58558506,0.06728645,0.03568034,25
0.39604700,0.44410479,0.01118464,0.03913857,09
0.48266888,0.41143996,0.01063060,0.03745964,09
0.26980248,0.44114950,0.01134902,0.03942060,09
0.22812888,0.38093692,0.01413843,0.04254461,09
0.89637524,0.49790338,0.02427516,0.06502291,09
0.18264705,0.60630310,0.09593319,0.09385630,07
0.35854140,0.81127268,0.36425337,0.37091255,02
0.83456218,0.66728401,0.09151946,0.09662688,02
0.09871859,0.60291302,0.05770909,0.06123969,02
0.90503633,0.88386023,0.20612338,0.24249038,02
0.67381728,0.65405744,0.02174571,0.11295335,00
0.62241942,0.64901966,0.02282218,0.10572404,00
0.76620066,0.70107341,0.03646395,0.17125259,00
0.70269656,0.66834182,0.02438026,0.08988214,00
0.98183572,0.71465522,0.03515270,0.18468273,00
0.73957092,0.65855104,0.01568258,0.09052773,00
0.94278449,0.72042698,0.03636111,0.19737342,00
0.32091132,0.58988994,0.02772476,0.06092298,00
0.82448786,0.67354828,0.02608511,0.10120780,00
0.05868630,0.61016923,0.02178403,0.09152661,00
0.88924456,0.69448721,0.02609376,0.13790645,00
0.58810604,0.63651204,0.01840408,0.07152172,00

