0.83502895,0.58557653,0.06511403,0.03594641,25
0.27015728,0.44120783,0.01093919,0.04096542,09
0.39593974,0.44426259,0.01116144,0.03911289,09
0.48266754,0.41144761,0.01060128,0.03759290,09
0.22813945,0.38101965,0.01324567,0.04263389,09
0.71380895,0.56226897,0.01441155,0.03053962,09
0.35783294,0.81149030,0.36007759,0.36939770,02
0.83523512,0.66792774,0.08947663,0.09684126,02
0.11048523,0.60034519,0.06738189,0.06782754,02
0.19197540,0.60715961,0.09735225,0.09723417,02
0.67457151,0.65460420,0.02223887,0.11409915,00
0.75895905,0.70783305,0.03576078,0.17715676,00
0.70343035,0.65986556,0.02193506,0.10849232,00
0.62282926,0.64923477,0.02366721,0.10672557,00
0.05728574,0.60768288,0.02001429,0.09442785,00
0.73932612,0.65916699,0.01684695,0.09652003,00
0.32010561,0.59026557,0.02620456,0.05922801,00
0.82300597,0.67485839,0.02335046,0.10009546,00
0.98034680,0.71697760,0.03780555,0.19621968,00
0.94121182,0.71468329,0.03229646,0.19039743,00
0.04093391,0.63188875,0.04433429,0.16961557,00
0.33489528,0.58244467,0.01523486,0.04964632,00
0.88949728,0.69519466,0.02650521,0.13291630,00

