0.83508438,0.58598334,0.06607265,0.03609018,25
0.27011108,0.44104069,0.01090711,0.04130840,09
0.48264986,0.41142535,0.01067544,0.03762237,09
0.22816591,0.38088551,0.01356477,0.04293387,09
0.89653075,0.49803844,0.02403249,0.06465735,09
0.19165859,0.60677266,0.09807806,0.09590000,07
0.35781968,0.81117469,0.36131552,0.36918518,02
0.83394122,0.66575205,0.08802348,0.09923880,02
0.10044725,0.60333484,0.05323131,0.05872076,02
0.67420542,0.65458602,0.02503704,0.12298884,00
0.75510359,0.70783323,0.04147021,0.17860505,00
0.62310427,0.64867294,0.02359125,0.10852003,00
0.70332974,0.66737545,0.02235502,0.09119756,00
0.97802091,0.72088146,0.04181818,0.17832631,00
0.03536263,0.64624405,0.04515288,0.14917305,00
0.82246530,0.67401242,0.02261517,0.10136359,00
0.05787003,0.61005425,0.02016010,0.08752441,00
0.88992387,0.69425285,0.02685672,0.13250989,00
0.58749342,0.63416034,0.01315846,0.06842784,00

