0.83496881,0.58586973,0.06749724,0.03658593,25
0.27012098,0.44109571,0.01102310,0.04069491,09
0.39590973,0.44411388,0.01141921,0.03936787,09
0.48267937,0.41141590,0.01071591,0.03771316,09
0.22822607,0.38091290,0.01353628,0.04238060,09
0.19264400,0.60754818,0.09525209,0.10255106,07
0.35838950,0.81159627,0.35787115,0.36976722,02
0.83420402,0.66657650,0.09259226,0.09515695,02
0.11123785,0.60119987,0.06157809,0.06443597,02
0.75208843,0.70684904,0.04846406,0.17834210,00
0.67474258,0.65507060,0.02388455,0.11437378,00
0.62205815,0.65014249,0.02390992,0.10768490,00
0.70386201,0.66693282,0.02399837,0.09227316,00
0.03088043,0.64686882,0.03993333,0.15190679,00
0.05707208,0.60776567,0.01829575,0.08444520,00
0.92976379,0.72377050,0.03425091,0.19242842,00
0.96940714,0.72069263,0.05280047,0.18079948,00
0.07263035,0.59946364,0.01275015,0.06799212,00
0.82218504,0.67337751,0.02393369,0.09334188,00
0.89101732,0.69840991,0.02257749,0.12329196,00

