0.83538467,0.58566415,0.06889301,0.03622919,25
0.26990169,0.44141623,0.01133829,0.04091220,09
0.39587897,0.44408831,0.01116773,0.03901339,09
0.48279065,0.41067049,0.01090355,0.03764234,09
0.22828873,0.38073686,0.01413157,0.04279777,09
0.89661580,0.49789396,0.02399618,0.06443668,09
0.35832435,0.81243944,0.36687800,0.36920306,02
0.83450931,0.66479135,0.09261354,0.09433841,02
0.11195459,0.59943289,0.06190719,0.06623086,02
0.19259757,0.60806519,0.09829888,0.10207589,02
0.90497601,0.88839674,0.20586878,0.22969525,02
0.74786097,0.70770550,0.05693175,0.16868760,00
0.67611796,0.65419602,0.02324490,0.12160810,00
0.70652533,0.65827495,0.02253911,0.11404158,00
0.62227452,0.64859384,0.02393595,0.10350502,00
0.03192471,0.64549965,0.03857049,0.14931552,00
0.96967345,0.71643966,0.04348024,0.18248363,00
0.92711622,0.72151512,0.03517468,0.19549036,00
0.82165861,0.67211074,0.02603163,0.09430112,00
0.05786404,0.60777617,0.01877839,0.08494524,00
0.65423048,0.63677680,0.01202974,0.06992603,00
0.58768260,0.63364840,0.01391330,0.06232198,00

