0.83536452,0.58587897,0.06662563,0.03577660,25
0.26989901,0.44166172,0.01137218,0.04121292,09
0.22810680,0.38080600,0.01443445,0.04147094,09
0.48296085,0.40299520,0.01185738,0.04026245,09
0.89674550,0.49792549,0.02372401,0.06430299,09
0.39570376,0.44395012,0.01149011,0.03721380,09
0.35932323,0.81160265,0.36222327,0.36663920,02
0.83182555,0.66381598,0.09805619,0.09189130,02
0.11013902,0.60179627,0.06052864,0.06359164,02
0.19289334,0.60908878,0.09692402,0.10052807,02
0.90485293,0.88493919,0.20562170,0.23749985,02
0.67544985,0.65575141,0.02305872,0.11753768,00
0.74802983,0.70495641,0.05239988,0.17043529,00
0.70678914,0.65908343,0.02228609,0.11048426,00
0.62147719,0.64916784,0.02210751,0.10680481,00
0.03046011,0.64429539,0.04120708,0.15797053,00
0.96889454,0.71490622,0.04169102,0.17974998,00
0.92633581,0.71874708,0.03513780,0.19852781,00
0.89079273,0.69491810,0.02375869,0.12819415,00
0.65388602,0.63652110,0.01272023,0.07295042,00
0.58774489,0.63359177,0.01297320,0.05902128,00

