0.83563638,0.58612061,0.06767838,0.03662518,25
0.26960698,0.44157657,0.01154803,0.04023750,09
0.22801538,0.38084820,0.01473266,0.04476764,09
0.48275778,0.41065940,0.01090303,0.03865660,09
0.89654493,0.49789646,0.02355498,0.06375258,09
0.39570868,0.44423699,0.01148680,0.03718909,09
0.35967311,0.81063002,0.36571437,0.37248889,02
0.19396022,0.60727602,0.10158861,0.09924907,02
0.83465260,0.66465443,0.08969733,0.09675118,02
0.11180894,0.60199541,0.05497459,0.06181388,02
0.90452176,0.88838881,0.20706490,0.23010476,02
0.74296373,0.70358562,0.05980311,0.17484620,00
0.62123352,0.64890367,0.02324844,0.10325717,00
0.67585993,0.65532106,0.02265613,0.11761835,00
0.70632941,0.65933883,0.02206257,0.11138523,00
0.96871996,0.71590060,0.03933860,0.17674088,00
0.32338551,0.59008777,0.02413613,0.05937708,00
0.92562205,0.71955872,0.03508006,0.19572422,00
0.02978670,0.64473605,0.04055070,0.14931601,00
0.81963855,0.67079228,0.02546072,0.10249178,00
0.06112975,0.60274231,0.02004066,0.07574788,00

