0.83567703,0.58532894,0.06849188,0.03696309,25
0.39603761,0.44328374,0.01154408,0.03788000,09
0.26968348,0.44236162,0.01104553,0.04015065,09
0.48290443,0.41238105,0.01051463,0.03861989,09
0.22812703,0.38007063,0.01387640,0.04238084,09
0.35925713,0.80957735,0.36032069,0.37983873,02
0.83392417,0.66493237,0.08826543,0.09836714,02
0.19564433,0.60768586,0.10116088,0.10098979,02
0.11246390,0.60315609,0.05502065,0.06012034,02
0.98370653,0.67420715,0.03374234,0.08517600,02
0.67649364,0.65731543,0.02576252,0.11539346,00
0.62087142,0.65175796,0.02280085,0.09751191,00
0.02403007,0.63360476,0.03717720,0.15958005,00
0.74435318,0.70391893,0.05580521,0.17043497,00
0.70585036,0.65575284,0.02072309,0.11916618,00
0.96548373,0.71423364,0.03626530,0.17602138,00
0.32134369,0.58987290,0.02447498,0.06062545,00
0.81077582,0.67296487,0.02566813,0.10811486,00
0.06230258,0.60238689,0.01936799,0.07750240,00
0.65458053,0.63709396,0.01237148,0.06548931,00
0.58715552,0.63546842,0.01396751,0.06440049,00
0.92554885,0.71576971,0.03602182,0.19060227,00
0.89141542,0.69356829,0.02265658,0.13511585,00

