0.83506602,0.58510292,0.06646622,0.03747456,25
0.39610913,0.44331571,0.01196622,0.03845406,09
0.26973319,0.44202790,0.01132697,0.03921521,09
0.48283988,0.41239029,0.01050381,0.03864357,09
0.22929852,0.38073784,0.01404663,0.04254202,09
0.89645416,0.49736783,0.02408669,0.06474425,09
0.35855868,0.80921519,0.35576016,0.37733275,02
0.83162427,0.66539234,0.08821812,0.09677982,02
0.09972902,0.60452712,0.06057874,0.06264093,02
0.19690259,0.60667878,0.09894104,0.10042779,02
0.98352855,0.67550564,0.03379378,0.08005937,02
0.62056112,0.65051717,0.02146134,0.10138044,00
0.02251574,0.63649195,0.03795595,0.15560091,00
0.74165946,0.70549166,0.05429343,0.16940996,00
0.67669600,0.65492022,0.02429138,0.10936200,00
0.95943278,0.71386713,0.03494304,0.17822941,00
0.81056672,0.67377239,0.02560652,0.11020923,00
0.92507982,0.72108305,0.03404235,0.18608154,00
0.89221239,0.69495583,0.02059726,0.13446677,00
0.70696336,0.65318578,0.02159154,0.10654994,00
0.06160722,0.60093182,0.01486314,0.06812269,00
0.58700806,0.63511717,0.01300489,0.06519479,00
0.87564927,0.68106836,0.02287525,0.11431184,00

