0.83611071,0.58519369,0.06850505,0.03672130,25
0.39616975,0.44334710,0.01227571,0.03870347,09
0.26967546,0.44250780,0.01131840,0.04048710,09
0.48288506,0.41235560,0.01051079,0.03861265,09
0.22848554,0.38075969,0.01452458,0.04133550,09
0.19688050,0.60599160,0.09691627,0.09947115,02,07
0.35796031,0.80999202,0.35646546,0.36938226,02
0.83141965,0.66428018,0.08780675,0.09675097,02
0.12509885,0.59862566,0.04970088,0.06727938,02
0.98326772,0.67496336,0.03502296,0.08563676,02
0.62024736,0.64963830,0.02092077,0.10450144,00
0.74182308,0.70345640,0.05044453,0.17518681,00
0.02215400,0.63613367,0.03895033,0.16562253,00
0.67739409,0.65511155,0.02406013,0.10592891,00
0.95431459,0.71260518,0.03449917,0.18099658,00
0.70670915,0.65487039,0.02085455,0.10469487,00
0.80986768,0.67183989,0.02376532,0.10707536,00
0.89259499,0.69473040,0.02110513,0.13653670,00
0.87373132,0.69186997,0.02198940,0.12025674,00
0.65401345,0.63657582,0.01321976,0.06555457,00
0.58729124,0.63326573,0.01292594,0.06139794,00

