0.83558583,0.58569831,0.06906947,0.03584456,25
0.39616588,0.44341746,0.01207220,0.03879423,09
0.26968518,0.44282210,0.01127717,0.04111335,09
0.48287129,0.41234079,0.01048037,0.03848303,09
0.22854090,0.38040373,0.01466050,0.04362044,09
0.89659280,0.49717706,0.02437123,0.06397141,09
0.19793658,0.60772216,0.10117251,0.09823287,07
0.35854894,0.81069577,0.35944438,0.37270778,02
0.83139604,0.66643900,0.08583075,0.09557261,02
0.98267978,0.67636222,0.03577536,0.08890685,02
0.12597866,0.59849554,0.04661921,0.06649876,02
0.62026864,0.64928889,0.02159365,0.10029478,00
0.72870880,0.70395142,0.04850478,0.16486385,00
0.67860413,0.65824097,0.02363915,0.10396165,00
0.02120414,0.64598531,0.03537671,0.15537135,00
0.80925715,0.67116028,0.02558720,0.10456467,00
0.95343709,0.70872045,0.03272868,0.17574452,00
0.70648462,0.65509951,0.01866961,0.09867651,00
0.89215499,0.69269824,0.02137392,0.14173171,00
0.87420315,0.68121296,0.02328011,0.12459386,00
0.06985927,0.60407305,0.02249981,0.07642333,00

