0.83556014,0.58552861,0.06854605,0.03602225,25
0.39615622,0.44338590,0.01190461,0.03818076,09
0.26973215,0.44266132,0.01117671,0.04078911,09
0.48287332,0.41233760,0.01047493,0.03838636,09
0.22847454,0.38039812,0.01416815,0.04368063,09
0.35906419,0.81045753,0.35970166,0.37482527,02
0.83347082,0.66370910,0.08819161,0.09517609,02
0.19958088,0.60608476,0.10193379,0.09835267,02
0.12621221,0.59855455,0.04843008,0.06712449,02
0.72729445,0.70326400,0.04344081,0.16904244,00
0.61997008,0.65072429,0.02134155,0.10061100,00
0.67979842,0.65581894,0.02294197,0.10727870,00
0.89231211,0.69464707,0.02076894,0.13646288,00
0.80877632,0.67199087,0.02508607,0.10555057,00
0.94048703,0.71547711,0.03144218,0.17565091,00
0.02054981,0.63524312,0.03805897,0.15590787,00
0.31228319,0.59045047,0.02459561,0.06011130,00
0.58733946,0.64347869,0.01316188,0.06479430,00
0.74152410,0.69826239,0.03512942,0.16865614,00
0.65464270,0.63734818,0.01356929,0.06472585,00
0.06977019,0.60455662,0.02098444,0.07691272,00

