0.83543879,0.58560228,0.06648544,0.03544564,25
0.39605829,0.44344822,0.01141594,0.03782329,09
0.26976603,0.44259280,0.01113487,0.04073000,09
0.48287576,0.41231856,0.01043389,0.03836042,09
0.22872536,0.38053888,0.01393705,0.04469489,09
0.89646459,0.49731788,0.02373164,0.06464072,09
0.35905969,0.81059557,0.35804814,0.37250000,02
0.83523780,0.66137129,0.08653408,0.09664502,02
0.19930910,0.60662603,0.10310145,0.10074515,02
0.12617971,0.59781122,0.04753195,0.06882780,02
0.72714567,0.70147043,0.04159518,0.15775883,00
0.68129027,0.65431184,0.02476480,0.11140012,00
0.61977178,0.64896613,0.01946677,0.10353345,00
0.94005042,0.71316612,0.03486518,0.18639416,00
0.80834186,0.67067164,0.02420196,0.11104476,00
0.58802474,0.64317513,0.01193547,0.07005890,00
0.70449710,0.65398276,0.01536703,0.09923014,00
0.31135836,0.59090489,0.02461302,0.06107754,00
0.74388891,0.67930406,0.02177509,0.12220051,00
0.07042557,0.60394788,0.02103985,0.07545878,00

