0.83563799,0.58500195,0.06620423,0.03613219,25
0.39600259,0.44421327,0.01139389,0.03951299,09
0.26979101,0.44266000,0.01111844,0.04069654,09
0.48283607,0.41237664,0.01039109,0.03839031,09
0.22845572,0.38053975,0.01339644,0.04458196,09
0.89649951,0.49709553,0.02414256,0.06408456,09
0.35877916,0.81014711,0.36177650,0.37230644,02
0.19940528,0.60647053,0.10119243,0.10264939,02
0.97868276,0.67494112,0.04288318,0.08561025,02
0.83515352,0.66335547,0.08494645,0.10106958,02
0.12678188,0.59704882,0.04766524,0.07158554,02
0.72178406,0.70267588,0.03894230,0.16275440,00
0.61960536,0.64933437,0.02103003,0.10383502,00
0.68186331,0.65569228,0.02350600,0.11016956,00
0.80746430,0.67074835,0.02560499,0.10750973,00
0.93884176,0.71355706,0.03919155,0.18825734,00
0.30858669,0.59092373,0.02452623,0.05943339,00
0.74339026,0.67419028,0.01874270,0.11375757,00
0.06973907,0.60406017,0.01844153,0.07719228,00
0.65495324,0.63693440,0.01379453,0.06354396,00
0.58647197,0.63551968,0.01086134,0.06645582,00
0.01184371,0.64797103,0.02133515,0.15139915,00
0.70491123,0.65331471,0.01411874,0.09119922,00

