0.83539540,0.58464599,0.06293754,0.03448363,25
0.39602226,0.44425783,0.01139192,0.03942834,09
0.48280105,0.41327479,0.01007702,0.03978578,09
0.26980847,0.44299898,0.01126256,0.03960805,09
0.22895461,0.38074216,0.01453575,0.04443255,09
0.35837620,0.81068361,0.35614148,0.36794892,02
0.83633482,0.66144043,0.08956254,0.09635087,02
0.19961512,0.60615218,0.10055768,0.09902970,02
0.97837240,0.67574841,0.04367215,0.08814335,02
0.12629487,0.59678787,0.04979207,0.07222059,02
0.71890920,0.70470858,0.03751482,0.16143630,00
0.68196541,0.65727025,0.02333788,0.11165900,00
0.61975545,0.64759558,0.02072685,0.10257014,00
0.93858176,0.71378189,0.04062446,0.18848315,00
0.30643001,0.59077293,0.02546555,0.05944367,00
0.74310821,0.66934812,0.01776820,0.10178411,00
0.80713683,0.66906029,0.02345297,0.10205121,00
0.58702320,0.63613302,0.01124481,0.06962752,00
0.65578264,0.63686103,0.01681635,0.06720379,00
0.07056931,0.60405958,0.01730412,0.07437196,00
0.70577532,0.65429109,0.01501574,0.09549677,00
0.59527528,0.63362139,0.00933705,0.05621832,00

