0.83525211,0.58514035,0.06751059,0.03623047,25
0.39600894,0.44402972,0.01137943,0.03916902,09
0.26980788,0.44269702,0.01134071,0.04023878,09
0.48275265,0.41315702,0.01021107,0.03937382,09
0.22869125,0.38055608,0.01461542,0.04429366,09
0.89643216,0.49751291,0.02332969,0.06458576,09
0.35892710,0.80993420,0.35584641,0.36783960,02
0.83496457,0.66056699,0.08460823,0.09912170,02
0.97859424,0.67542589,0.04335731,0.08830580,02
0.20052879,0.60548300,0.09986820,0.10074721,02
0.12677562,0.59695888,0.04937369,0.07213803,02
0.71616381,0.70207906,0.03911981,0.15856151,00
0.61968845,0.64979458,0.02024028,0.10215149,00
0.68642944,0.65537345,0.02317450,0.11499830,00
0.93792695,0.71340430,0.04263327,0.18571763,00
0.30506039,0.59079665,0.02695985,0.05940678,00
0.74282038,0.66041577,0.01535414,0.09845735,00
0.07114220,0.60420275,0.01891621,0.07908691,00
0.80674559,0.66978794,0.02426559,0.10750508,00
0.70670140,0.70095646,0.01819558,0.17923342,00
0.59590429,0.63377708,0.00993311,0.05604475,00
0.65601647,0.63724679,0.01685132,0.06653534,00
0.58672339,0.63523543,0.01059277,0.06494866,00

