0.83579278,0.58532995,0.06752628,0.03524290,25
0.39596248,0.44395906,0.01158031,0.03988104,09
0.48275846,0.41308281,0.01023433,0.03932049,09
0.22799502,0.38072807,0.01424318,0.04460214,09
0.26985383,0.44264644,0.01176510,0.04068772,09
0.89662904,0.49753648,0.02442665,0.06486815,09
0.35879183,0.81013370,0.35831642,0.36973369,02
0.97879440,0.67700607,0.04294048,0.08758336,02
0.83279812,0.66128379,0.08344685,0.09880242,02
0.19786125,0.60550535,0.09662624,0.10096217,02
0.12582768,0.59789675,0.04938954,0.07030445,02
0.90620863,0.89364165,0.20579791,0.22344998,02
0.61989135,0.64837652,0.02004789,0.10248126,00
0.71343231,0.69810247,0.03605854,0.16405666,00
0.68685073,0.65419888,0.01927037,0.12096948,00
0.80654836,0.66942024,0.02339568,0.10188907,00
0.74292511,0.66006726,0.01378103,0.09548601,00
0.93677199,0.71303302,0.04518008,0.18898019,00
0.59608483,0.63416123,0.00987801,0.05332435,00
0.25818858,0.62860167,0.03362380,0.09389966,00
0.07331421,0.60304755,0.02069293,0.07704575,00
0.30053750,0.58953643,0.02663817,0.06071021,00
0.65533930,0.63662624,0.01600968,0.06896058,00
0.58675241,0.63541830,0.01082144,0.06522462,00

