0.83581376,0.58550882,0.06656982,0.03613621,25
0.22827061,0.38050923,0.01437368,0.04369923,09
0.27018380,0.44301143,0.01121386,0.04162246,09
0.39591396,0.44372854,0.01162458,0.03966033,09
0.48279381,0.41313091,0.01024747,0.03964745,09
0.89659739,0.49725518,0.02418010,0.06440954,09
0.19732866,0.60491496,0.09664460,0.09679272,02,07
0.35909700,0.80991679,0.36649802,0.37320670,02
0.83366358,0.66173351,0.08140448,0.09887965,02
0.12385148,0.59650177,0.05550015,0.07123616,02
0.97884417,0.67688787,0.04326671,0.08293602,02
0.71257734,0.69776249,0.03663863,0.16418593,00
0.61966330,0.64785016,0.01876353,0.10228459,00
0.74340975,0.65992630,0.01871288,0.09711083,00
0.93229181,0.71450704,0.04804273,0.18914060,00
0.80623674,0.66867208,0.02343012,0.09992504,00
0.00859987,0.62828141,0.01650414,0.16690423,00
0.68841028,0.65568447,0.01768197,0.11522540,00
0.29947051,0.58861285,0.02658668,0.06326230,00
0.65558070,0.63743180,0.01326385,0.06111700,00
0.59698802,0.63362366,0.00954665,0.05139931,00
0.25484699,0.62416244,0.05458664,0.13396029,00
0.07316611,0.60261351,0.02152362,0.07647730,00
0.86533749,0.68009549,0.02483376,0.11909033,00

