0.83555794,0.58499807,0.06615950,0.03627934,25
0.91823435,0.58945417,0.07355211,0.03003350,25
0.39598000,0.44319299,0.01160360,0.03802449,09
0.48276579,0.41309017,0.01023727,0.03970514,09
0.22764595,0.38008207,0.01507398,0.04340218,09
0.26995638,0.44337294,0.01180342,0.04154203,09
0.89641970,0.49709135,0.02470650,0.06474431,09
0.35856688,0.81078959,0.36877301,0.36514068,02
0.97864109,0.67756021,0.04287749,0.08349437,02
0.19649948,0.60402995,0.09618515,0.09472830,02
0.83229339,0.66123170,0.08087739,0.09943444,02
0.12592825,0.59602147,0.05175793,0.07287595,02
0.90525097,0.88816416,0.20732629,0.22471662,02
0.74298584,0.66053903,0.01713674,0.09787637,00
0.61979651,0.64808959,0.01985408,0.10104852,00
0.80572677,0.66967022,0.02282204,0.10236690,00
0.92887044,0.71290046,0.04229151,0.19172198,00
0.70332921,0.69756037,0.03928324,0.16447878,00
0.00749681,0.62722093,0.01320990,0.17160076,00
0.29888859,0.58820856,0.02776422,0.06532630,00
0.07405905,0.60265994,0.02179991,0.08041927,00
0.65558153,0.63720787,0.01256050,0.06017148,00
0.59704059,0.63372231,0.00909752,0.04849273,00
0.25667697,0.62746042,0.03303001,0.10010674,00
0.71528685,0.69724858,0.02304836,0.17027673,00

