0.83553559,0.58524299,0.06484254,0.03618450,25
0.22816218,0.38044849,0.01480043,0.04405772,09
0.39593196,0.44351244,0.01165596,0.03876108,09
0.48277554,0.41303813,0.01028586,0.03985611,09
0.26972502,0.44369990,0.01176429,0.04115914,09
0.89651942,0.49741945,0.02358721,0.06403784,09
0.35929862,0.80876040,0.35719630,0.37666199,02
0.83300149,0.66728246,0.05764594,0.08604538,02
0.19828087,0.60357869,0.09569188,0.09726714,02
0.97880059,0.67683309,0.04254306,0.08336398,02
0.12646651,0.59678876,0.05136521,0.07073820,02
0.90509588,0.88925171,0.20579430,0.22619165,02
0.69974458,0.69418430,0.05091058,0.16748783,00
0.61970544,0.64955491,0.02005768,0.09682465,00
0.80530119,0.67040980,0.02237762,0.10575782,00
0.74338710,0.66828465,0.02043557,0.09300382,00
0.92535740,0.71721208,0.03736975,0.18872060,00
0.07527239,0.60330683,0.02231441,0.08276422,00
0.00542063,0.62583560,0.01043615,0.17553240,00
0.88269979,0.70409817,0.03471188,0.18683627,00
0.65571564,0.63758308,0.01303771,0.05948834,00
0.59678912,0.63415062,0.00948043,0.04760069,00
0.58558542,0.64357102,0.01241444,0.06106342,00
0.25528505,0.62781447,0.03350520,0.10007379,00

