0.83562684,0.58545107,0.06562681,0.03675600,25
0.39595667,0.44339031,0.01139306,0.03865359,09
0.26997253,0.44345975,0.01147940,0.04070508,09
0.22887017,0.38065362,0.01543323,0.04333302,09
0.48273921,0.41269273,0.01027250,0.03938608,09
0.89653701,0.49727312,0.02431989,0.06375374,09
0.36001500,0.80945259,0.35389760,0.37825996,02
0.83321732,0.66738045,0.05708363,0.08200100,02
0.19817412,0.60263216,0.09379458,0.09472460,02
0.97844273,0.67844403,0.04246019,0.08229161,02
0.12530434,0.59749997,0.05375157,0.06786072,02
0.90506059,0.88879490,0.20593289,0.22998986,02
0.69741154,0.69371283,0.05533626,0.16521712,00
0.74325830,0.66007936,0.01951275,0.09845294,00
0.80471069,0.66801745,0.02140677,0.10426839,00
0.61960983,0.65013909,0.01970107,0.09710170,00
0.92352074,0.71694165,0.03752700,0.19604774,00
0.87610894,0.71080196,0.04029955,0.19843851,00
0.65585214,0.63753372,0.01289462,0.06145217,00
0.24769135,0.65323079,0.05109956,0.15889813,00
0.59744149,0.63312161,0.00914277,0.04800656,00
0.25311345,0.62734389,0.03422087,0.10405112,00
0.07496200,0.60371995,0.02328484,0.08227430,00

