0.83579701,0.58546466,0.06420437,0.03624731,25
0.39594972,0.44396755,0.01120682,0.03924407,09
0.26969671,0.44233662,0.01098877,0.03992710,09
0.48280385,0.41268161,0.01031328,0.03980893,09
0.22869682,0.38098380,0.01505041,0.04295777,09
0.19226046,0.60807097,0.08508162,0.08971595,07
0.36020064,0.80887032,0.35162744,0.38319644,02
0.83234543,0.66738003,0.05338776,0.08135005,02
0.97861844,0.67628378,0.04301998,0.08485765,02
0.19816814,0.60370618,0.08932684,0.09473573,02
0.12573467,0.59772766,0.05214186,0.06931102,02
0.80402672,0.66836852,0.02090377,0.10786576,00
0.74316192,0.65985638,0.02035988,0.09955451,00
0.61965609,0.65100694,0.02112342,0.09943946,00
0.69461566,0.69434774,0.05226742,0.16713482,00
0.87534350,0.70461166,0.04337131,0.20087017,00
0.24538392,0.65542793,0.05419054,0.16200714,00
0.59733784,0.63491529,0.00973681,0.04980058,00
0.92278749,0.71808147,0.03461958,0.19485575,00
0.65582526,0.63757575,0.01304318,0.06125772,00
0.58435583,0.63598007,0.01108492,0.06392901,00

