0.83600420,0.58557081,0.06571488,0.03706775,25
0.39597458,0.44419077,0.01131897,0.04009279,09
0.48279807,0.41263691,0.01023919,0.03925415,09
0.26978382,0.44293624,0.01091319,0.04106733,09
0.22875480,0.38080075,0.01467826,0.04168634,09
0.89648479,0.49725839,0.02435438,0.06395609,09
0.19314080,0.60638064,0.08606753,0.08904074,07
0.36059958,0.81031477,0.35197201,0.38411048,02
0.97891790,0.67637461,0.04293741,0.08429600,02
0.83271056,0.66745925,0.05465202,0.08054428,02
0.12582238,0.59851003,0.05260721,0.06437929,02
0.90527505,0.88921189,0.20413789,0.23248327,02
0.19676742,0.60316432,0.09000994,0.09155481,02
0.03218380,0.60115910,0.05657820,0.05512737,02
0.69385862,0.69697171,0.05629065,0.16354024,00
0.74379081,0.65903938,0.01960802,0.09775021,00
0.61970919,0.65146255,0.02139959,0.09931367,00
0.80400068,0.66837084,0.02099732,0.10899778,00
0.87516505,0.70576471,0.04491996,0.18589525,00
0.24559836,0.65695614,0.05601748,0.16954909,00
0.59767675,0.63469398,0.01033307,0.04806830,00
0.65590847,0.63770890,0.01330461,0.06291464,00

