0.83667690,0.58554447,0.06711673,0.03758331,25
0.39633167,0.44407356,0.01067777,0.03864184,09
0.27021369,0.44158041,0.01087322,0.03848260,09
0.48356783,0.41044709,0.01025698,0.03852717,09
0.22780690,0.38069800,0.01421645,0.04399722,09
0.19839959,0.60427815,0.09464787,0.09311584,02,07
0.35918018,0.80930328,0.35033977,0.37962469,02
0.97874057,0.67698777,0.04230858,0.08531237,02
0.12581368,0.59839404,0.05116778,0.06943975,02
0.03262547,0.60293168,0.05798540,0.05405657,02
0.90438640,0.89061552,0.20098108,0.23030107,02
0.82334280,0.66696012,0.05938379,0.08704981,02
0.69206768,0.69535822,0.05572686,0.16482995,00
0.61961532,0.65256625,0.02109698,0.09892444,00
0.74380571,0.66036546,0.01852896,0.10197950,00
0.80099910,0.66879517,0.02150881,0.10388079,00
0.23971936,0.66238773,0.04945550,0.17047416,00
0.87482381,0.70509607,0.04286258,0.16319691,00
0.59752768,0.63625354,0.01028501,0.04632400,00
0.65551579,0.63673604,0.01330197,0.06295723,00
0.07687160,0.60409188,0.02279543,0.07886773,00
0.09967319,0.60277319,0.01734940,0.08009390,00

