0.83575571,0.58644080,0.06534943,0.03696322,25
0.39643183,0.44398996,0.01079242,0.03871904,09
0.27024031,0.44149998,0.01123582,0.03891563,09
0.48352402,0.41037479,0.01028491,0.03825706,09
0.22788426,0.38072637,0.01406913,0.04359804,09
0.35950762,0.80798018,0.35740712,0.38268828,02
0.97881716,0.67588228,0.04331234,0.08728036,02
0.19938156,0.60374373,0.09474068,0.09148095,02
0.68933821,0.69552922,0.05160975,0.17257370,00
0.74416894,0.66023117,0.01870000,0.10404229,00
0.61986399,0.65069973,0.02268542,0.09901447,00
0.80054206,0.66763932,0.02121615,0.10537748,00
0.23201436,0.67301255,0.05820584,0.16647378,00
0.71626580,0.65736938,0.02011331,0.11324371,00
0.86640245,0.69934326,0.03931279,0.17580904,00
0.59787482,0.63631219,0.01051657,0.04495677,00
0.67802429,0.63209510,0.01107986,0.04785836,00
0.65507239,0.63664824,0.01291850,0.06017881,00

