0.83628035,0.58617604,0.06701682,0.03728322,25
0.39638689,0.44403249,0.01085033,0.03872421,09
0.27004075,0.44193181,0.01136161,0.04028320,09
0.48355108,0.41053045,0.01035373,0.03848108,09
0.89641982,0.49744803,0.02402010,0.06381067,09
0.22785242,0.38095340,0.01415593,0.04272482,09
0.19167148,0.60614377,0.07745637,0.09227055,07
0.35964951,0.80968273,0.35102838,0.38081336,02
0.97902519,0.67906755,0.04212837,0.08687883,02
0.19915326,0.60215867,0.09234250,0.09238380,02
0.02064075,0.60232145,0.04224119,0.05466974,02
0.85188693,0.66703892,0.11448504,0.09567111,02
0.12643808,0.59907269,0.05071099,0.06549567,02
0.80008495,0.66808832,0.02285396,0.10259176,00
0.68649757,0.69625407,0.04201928,0.17199665,00
0.74382228,0.66006970,0.01896046,0.10072240,00
0.61971563,0.65161681,0.01996835,0.09878159,00
0.22783364,0.67199683,0.05643604,0.17245005,00
0.86455965,0.70050651,0.03816584,0.17784505,00
0.71673888,0.65748864,0.02142767,0.11984810,00
0.59767079,0.63512409,0.00991333,0.04649357,00
0.65493119,0.63720036,0.01310714,0.06467562,00
0.04380652,0.59896171,0.01864941,0.08710799,00
0.67641896,0.63178247,0.01203448,0.05025875,00
0.70257378,0.65510887,0.01628255,0.11475705,00

