0.83536237,0.58622694,0.06649598,0.03699919,25
0.39640912,0.44414982,0.01080805,0.03901745,09
0.27006787,0.44182152,0.01127597,0.03966041,09
0.48352879,0.41065568,0.01038895,0.03854348,09
0.22776744,0.38093317,0.01405963,0.04296437,09
0.22643159,0.70041138,0.05920181,0.16796349,03
0.36002883,0.80857027,0.35663038,0.37921572,02
0.97904795,0.67551857,0.04311451,0.08845988,02
0.20106716,0.60024464,0.09848458,0.09039497,02
0.85200840,0.66641974,0.10960700,0.09347891,02
0.12685259,0.59891278,0.05269981,0.06723286,02
0.74367410,0.66041338,0.01705300,0.09970532,00
0.61977720,0.65072507,0.02135117,0.09822335,00
0.68125302,0.69245726,0.03702999,0.17201555,00
0.22855568,0.67340463,0.06133591,0.17217918,00
0.79901755,0.66692543,0.02279020,0.10647961,00
0.71709090,0.65771180,0.02097461,0.12011383,00
0.86150199,0.70013851,0.03677341,0.16776669,00
0.08232684,0.60241681,0.02426817,0.08436560,00
0.59775680,0.63576484,0.01064363,0.04825245,00
0.69154370,0.67572486,0.02307700,0.16305362,00
0.11040680,0.60211354,0.02337894,0.08006267,00
0.66635817,0.63538933,0.01188123,0.05491362,00
0.75673652,0.64845532,0.01020872,0.07164937,00
0.04447706,0.59981883,0.01725181,0.09100170,00

