0.83615404,0.58581996,0.06785920,0.03705914,25
0.27020207,0.44174355,0.01098032,0.03935422,09
0.39640698,0.44396824,0.01069620,0.03866372,09
0.48365307,0.41062048,0.01034504,0.03885343,09
0.22771981,0.38090929,0.01404278,0.04172380,09
0.89642757,0.49732581,0.02424029,0.06333300,09
0.36009821,0.81062257,0.35567781,0.37589806,02
0.98028404,0.67712754,0.03810860,0.08889054,02
0.12551646,0.60145193,0.05547633,0.06336255,02
0.85350668,0.66855627,0.11588485,0.09662041,02
0.21602540,0.60590106,0.10485506,0.09678932,02
0.04280819,0.60256290,0.07477998,0.05557755,02
0.90507036,0.88898808,0.20026581,0.23650184,02
0.74476588,0.66070056,0.01892167,0.09865817,00
0.67934370,0.69315839,0.03732340,0.17296794,00
0.61956096,0.65028268,0.02068192,0.10074306,00
0.22061484,0.67660671,0.05747899,0.21014366,00
0.71813244,0.65754300,0.02183544,0.12215253,00
0.79862672,0.66704577,0.02318329,0.10515073,00
0.86084598,0.69598627,0.03808454,0.18068321,00
0.59843260,0.63455743,0.00969762,0.04633735,00
0.70226669,0.65466696,0.01641856,0.11602417,00
0.08204664,0.60289448,0.02532479,0.08470972,00
0.89018071,0.69776535,0.02171057,0.17759353,00

