0.20502539,0.68002969,0.02081923,0.06757223,26
0.83615994,0.58581275,0.06697551,0.03704927,25
0.39640781,0.44376984,0.01089025,0.03819839,09
0.27017361,0.44141102,0.01154210,0.03837539,09
0.48369834,0.41052729,0.01042754,0.03895093,09
0.22771344,0.38095987,0.01398214,0.04216442,09
0.89640749,0.49721628,0.02447850,0.06310704,09
0.36010981,0.81023598,0.35405105,0.37535670,02
0.97881067,0.67710036,0.04239928,0.08723177,02
0.12606685,0.60177958,0.05348347,0.06452949,02
0.04410581,0.60198772,0.06867370,0.05896081,02
0.21577820,0.60581517,0.10592238,0.10194398,02
0.02070787,0.60208619,0.04247755,0.05117700,02
0.67808127,0.69389421,0.04012837,0.17644519,00
0.61962801,0.65066373,0.02084241,0.10035177,00
0.21851730,0.67433041,0.04944143,0.22306718,00
0.74516356,0.66051501,0.01842153,0.09880116,00
0.71849304,0.66027671,0.02173045,0.11601279,00
0.79753637,0.66675395,0.02341239,0.10394423,00
0.08222079,0.60371405,0.02513577,0.08322494,00
0.04482264,0.60020047,0.01765640,0.08875963,00
0.70067447,0.65353799,0.01744673,0.10954709,00
0.59895658,0.63535231,0.01005219,0.05086150,00
0.88837957,0.70314944,0.03728637,0.17214276,00

