0.83569461,0.58573681,0.06556376,0.03710183,25
0.39641356,0.44393188,0.01074126,0.03897876,09
0.27009681,0.44213381,0.01123933,0.03955337,09
0.48360628,0.41060218,0.01025267,0.03899493,09
0.22755550,0.38087165,0.01397523,0.04371351,09
0.36013973,0.81031293,0.35719687,0.37553909,02
0.97851485,0.67677748,0.04238283,0.08386050,02
0.12787783,0.60270077,0.05021133,0.06401180,02
0.02094348,0.60161895,0.04289701,0.05169712,02
0.18724982,0.60371327,0.05952455,0.09671187,02
0.04426869,0.60122377,0.06729027,0.06183583,02
0.21793494,0.60518301,0.10177812,0.10200700,02
0.72033525,0.66640776,0.02090793,0.11285288,00
0.74625498,0.66038430,0.01944668,0.09838112,00
0.79625809,0.66748315,0.02205196,0.10457467,00
0.61939353,0.64923334,0.01913587,0.10093568,00
0.67455572,0.69702393,0.03944608,0.15325478,00
0.70019484,0.65523100,0.01946564,0.11203840,00
0.21902451,0.67040354,0.04880665,0.21431309,00
0.08359756,0.60423577,0.02224919,0.08157097,00
0.04496743,0.59878260,0.01716331,0.09181600,00
0.59924263,0.63320225,0.00974161,0.05041414,00
0.88594198,0.70095623,0.03749198,0.16114099,00
0.85270387,0.69505787,0.03653314,0.16172992,00
0.11155328,0.60252601,0.01858992,0.07842017,00

