0.83576822,0.58582121,0.06784501,0.03766684,25
0.39635432,0.44430473,0.01086266,0.03897640,09
0.27020514,0.44122222,0.01097863,0.03820836,09
0.48342565,0.41056645,0.01036870,0.03825263,09
0.22770508,0.38101727,0.01317763,0.04299926,09
0.21539776,0.69917190,0.04842021,0.17826660,03
0.36044952,0.80972856,0.35227773,0.37905011,02
0.97844255,0.67717904,0.04234388,0.08597814,02
0.82126611,0.66797024,0.04695082,0.08362792,02
0.12725952,0.60132086,0.05002143,0.06481619,02
0.02119373,0.60301137,0.04390397,0.05304599,02
0.21665500,0.60272640,0.10329561,0.09455331,02
0.04470163,0.60246229,0.07225567,0.05863395,02
0.90466517,0.88396567,0.19838741,0.23549880,02
0.67078167,0.69272661,0.03945478,0.15537106,00
0.61951792,0.64963132,0.01984765,0.09811811,00
0.74607086,0.66119903,0.01767211,0.10161923,00
0.21506011,0.67536622,0.04451214,0.20934084,00
0.69969386,0.65481800,0.02373482,0.11602476,00
0.79580730,0.66644174,0.02099285,0.10687232,00
0.71932554,0.66048348,0.02217435,0.11387225,00
0.85384691,0.69225490,0.03521080,0.16712847,00
0.08250409,0.60314381,0.01964086,0.08187439,00
0.59952182,0.63271624,0.00873519,0.04694419,00
0.04627225,0.60108542,0.01813712,0.08542240,00
0.88457984,0.70028824,0.03579943,0.15824655,00

