0.83527428,0.58607084,0.06716170,0.03867941,25
0.39641324,0.44370598,0.01058107,0.03812483,09
0.27009502,0.44181845,0.01106764,0.03897776,09
0.48344192,0.41078296,0.01041717,0.03940468,09
0.22822057,0.38087633,0.01319193,0.04337210,09
0.35918814,0.81037623,0.35210431,0.37810886,02
0.97864741,0.67641699,0.04293869,0.08752751,02
0.12732673,0.60214800,0.05318114,0.06605855,02
0.02221478,0.60189509,0.04394232,0.05163891,02
0.21583354,0.60080165,0.10711381,0.09345856,02
0.82031286,0.66714638,0.04551263,0.07977685,02
0.90474117,0.88267827,0.19959928,0.23380418,02
0.66829729,0.69134980,0.04365727,0.16014671,00
0.21286370,0.67590016,0.04129045,0.22772878,00
0.79363436,0.66683626,0.02055478,0.10388257,00
0.61946642,0.64891332,0.02064693,0.10086154,00
0.74583000,0.66100454,0.01710698,0.10066430,00
0.69987559,0.65621835,0.02375618,0.12049179,00
0.71974462,0.65991300,0.02190926,0.11582208,00
0.84998399,0.69274759,0.03772373,0.15380646,00
0.87943578,0.69851983,0.03723546,0.15910320,00
0.59967619,0.63342023,0.00870678,0.04797089,00
0.08507398,0.60295355,0.02425707,0.07568628,00

