0.19090752,0.69045120,0.01540525,0.05108308,26
0.83587599,0.58618265,0.06707148,0.03729866,25
0.39642629,0.44384894,0.01069446,0.03857384,09
0.27013269,0.44158003,0.01106750,0.03935419,09
0.48347202,0.41080362,0.01041971,0.03954589,09
0.22808951,0.38076729,0.01318421,0.04327124,09
0.89651728,0.49770027,0.02355953,0.06334267,09
0.35979357,0.80926168,0.35231885,0.37765443,02
0.97847736,0.67687052,0.04311730,0.08654614,02
0.02188008,0.60255867,0.04306868,0.05215237,02
0.21704116,0.60063249,0.10461909,0.09271014,02
0.90465719,0.88716185,0.19854058,0.22883366,02
0.20630044,0.67839849,0.04338146,0.23019764,00
0.66366225,0.69282115,0.04238912,0.15634663,00
0.61969936,0.64975595,0.02176331,0.09837181,00
0.69992673,0.65607607,0.02323083,0.12390881,00
0.74628514,0.66119438,0.01762421,0.10139064,00
0.79275841,0.66723442,0.01998460,0.10013615,00
0.72053546,0.65986949,0.02252022,0.11674544,00
0.85086834,0.69414693,0.04289407,0.16004804,00
0.87951297,0.70067197,0.03846944,0.15496348,00
0.59952563,0.63451451,0.00977838,0.04898390,00

