0.18891138,0.69029754,0.01736230,0.05189789,26
0.83543569,0.58678514,0.06760826,0.03828647,25
0.39645076,0.44392675,0.01057631,0.03837324,09
0.27017444,0.44203255,0.01110035,0.04006957,09
0.48342815,0.41079310,0.01037641,0.03929593,09
0.22772881,0.38076407,0.01345077,0.04378970,09
0.89635420,0.49774218,0.02399954,0.06329211,09
0.36001644,0.81020778,0.35493341,0.37322739,02
0.97845370,0.67663914,0.04260249,0.08539240,02
0.02207410,0.60290432,0.04462358,0.05382829,02
0.21535657,0.60293758,0.10767069,0.09322996,02
0.12773494,0.60235929,0.04799211,0.06774095,02
0.90503424,0.88331133,0.20091709,0.23838136,02
0.20492654,0.67611897,0.04808848,0.23708667,00
0.66172612,0.69429368,0.04574139,0.15586227,00
0.61989421,0.64908463,0.02170013,0.09577490,00
0.69938928,0.65534788,0.02446027,0.11785492,00
0.72135633,0.65988016,0.02327556,0.11754429,00
0.74629623,0.66110665,0.01918250,0.10479779,00
0.83696079,0.69564819,0.04085029,0.17040069,00
0.05042315,0.60231853,0.02085128,0.08615869,00
0.87628478,0.69929290,0.03981943,0.15536973,00
0.54512775,0.63774431,0.01719248,0.07182032,00
0.79285097,0.66757095,0.02092372,0.10129105,00
0.27273980,0.60697311,0.02858018,0.07633503,00

