0.18689348,0.69438052,0.02146756,0.06784861,26
0.83587956,0.58654839,0.06690087,0.03791885,25
0.39643773,0.44390467,0.01049841,0.03821366,09
0.27023402,0.44193286,0.01064515,0.03964264,09
0.22772689,0.38094971,0.01392504,0.04305035,09
0.48345420,0.41079190,0.01037532,0.03935669,09
0.89649773,0.49782240,0.02359863,0.06338944,09
0.35976470,0.80969763,0.35564262,0.37503773,02
0.97853863,0.67740601,0.04294661,0.08714171,02
0.02289595,0.60212874,0.04486345,0.05171944,02
0.21487430,0.60280383,0.09886734,0.09453971,02
0.65368056,0.69303709,0.05356022,0.16505247,00
0.20234662,0.67674673,0.04418510,0.21939459,00
0.62039590,0.64747536,0.02089434,0.09827931,00
0.70036870,0.65553921,0.02492025,0.11453940,00
0.74616146,0.66125149,0.01756931,0.10165381,00
0.83557576,0.69719738,0.03956248,0.17226164,00
0.72037154,0.66041154,0.02286313,0.11490274,00
0.26912886,0.60864145,0.02780521,0.08055627,00
0.05497572,0.60242492,0.01954852,0.08270870,00
0.78788489,0.66710764,0.01935703,0.09936310,00
0.86033070,0.69410908,0.03460947,0.17174087,00

