0.83534926,0.58629328,0.06702427,0.03892436,25
0.39644659,0.44386292,0.01053187,0.03834967,09
0.27020636,0.44180796,0.01101124,0.03970444,09
0.48345962,0.41078046,0.01036540,0.03933071,09
0.22818998,0.38093653,0.01370100,0.04262491,09
0.35945135,0.80947810,0.35620946,0.37838852,02
0.97878951,0.67549521,0.04397311,0.08868358,02
0.02921795,0.60277331,0.05440056,0.05367665,02
0.20451747,0.59977055,0.09587912,0.08455804,02
0.19992417,0.67770535,0.04321954,0.22145136,00
0.65142399,0.69143444,0.05696969,0.16987284,00
0.62052506,0.64640421,0.02098405,0.09426289,00
0.74617618,0.66120696,0.01601676,0.10188633,00
0.72165638,0.66723198,0.02211855,0.11128359,00
0.05530121,0.60213614,0.02143074,0.08137767,00
0.70040351,0.65648335,0.02489557,0.11149131,00
0.83192658,0.69644403,0.03971329,0.16478963,00
0.86214226,0.69708973,0.03573712,0.16499156,00
0.08606748,0.60380214,0.02125525,0.08018754,00
0.78572798,0.65819204,0.01981323,0.11081567,00
0.89152849,0.69662124,0.02160760,0.13217427,00
0.60104597,0.63618541,0.00883408,0.04572947,00

