0.83569050,0.58672959,0.06777199,0.03773419,25
0.39645350,0.44322631,0.01068001,0.03728109,09
0.27022561,0.44141474,0.01122878,0.03916361,09
0.22826566,0.38094530,0.01441674,0.04255323,09
0.48357272,0.41064548,0.01045074,0.03887226,09
0.35973012,0.81020218,0.35515884,0.37643182,02
0.97883910,0.67567939,0.04336784,0.08733145,02
0.03029512,0.60347354,0.05607947,0.05440730,02
0.20361976,0.60175157,0.09557472,0.08797016,02
0.90403247,0.88538420,0.20500602,0.23318338,02
0.19549753,0.67719835,0.04399899,0.22990584,00
0.64780194,0.69049048,0.06130508,0.16727503,00
0.82863587,0.70257032,0.04437666,0.17835774,00
0.74661684,0.66123271,0.01754522,0.10380571,00
0.70090944,0.65572828,0.02518860,0.11706649,00
0.72186476,0.66746426,0.02070760,0.10418690,00
0.62057739,0.64558804,0.02046361,0.09728892,00
0.05696504,0.60160059,0.01893443,0.07958007,00
0.89171839,0.69780099,0.02061437,0.13925581,00
0.86042327,0.69541657,0.03453182,0.17028219,00
0.60040665,0.63679528,0.00993077,0.05103911,00
0.78441095,0.65914464,0.02056043,0.10915003,00
0.08740986,0.60595137,0.02027936,0.07858871,00

