0.83512902,0.58720559,0.06957584,0.03902521,25
0.39648500,0.44338956,0.01073356,0.03752785,09
0.27002233,0.44230419,0.01141820,0.03989341,09
0.48375636,0.41032654,0.01059086,0.03868932,09
0.22786893,0.38124707,0.01366667,0.04386844,09
0.71409792,0.56175649,0.01399511,0.03188213,09
0.89637929,0.49754548,0.02449762,0.06304597,09
0.35981059,0.80954719,0.35774380,0.37630320,02
0.97882700,0.67584074,0.04320209,0.08810019,02
0.90443301,0.88476831,0.20231052,0.23208530,02
0.02306431,0.60173428,0.04206475,0.04905923,02
0.20483556,0.60068107,0.09910237,0.09154680,02
0.13985443,0.59971678,0.04283330,0.06962267,02
0.19280708,0.67525876,0.03962817,0.23286670,00
0.64831781,0.69132179,0.05642458,0.16086769,00
0.74666792,0.66585296,0.01767953,0.09921753,00
0.82470435,0.70223618,0.04689340,0.18628162,00
0.85767096,0.69315970,0.03842757,0.17213102,00
0.70164692,0.65640366,0.02071724,0.11380310,00
0.05754802,0.60243869,0.01940827,0.07905312,00
0.60108107,0.63644534,0.00978706,0.05037884,00
0.89159572,0.69780052,0.02151030,0.13686149,00
0.78347415,0.65806556,0.02003177,0.10372136,00

