0.83592635,0.58664250,0.06842235,0.03886333,25
0.39654544,0.44353244,0.01079092,0.03781928,09
0.27008906,0.44156501,0.01086768,0.03904018,09
0.22767562,0.38092303,0.01425924,0.04410910,09
0.48363957,0.41047391,0.01042043,0.03830670,09
0.89649963,0.49749434,0.02452340,0.06250297,09
0.35979337,0.80940127,0.36027196,0.37169594,02
0.02911337,0.60441291,0.05363955,0.05427095,02
0.97884601,0.67589295,0.04294048,0.08541004,02
0.90413404,0.88548172,0.19885105,0.23563333,02
0.19007550,0.67710584,0.04222293,0.23136126,00
0.64419979,0.69089782,0.05440755,0.15930711,00
0.74672300,0.66133535,0.01734101,0.10504396,00
0.70113671,0.65869111,0.02199430,0.11588914,00
0.82285386,0.70577770,0.04664424,0.17386138,00
0.85333925,0.69435412,0.03776116,0.16176747,00
0.05814432,0.60258353,0.01810921,0.07917798,00
0.72553682,0.66643667,0.02055268,0.10304849,00
0.89255714,0.69666159,0.01763531,0.13247651,00
0.76866072,0.64679360,0.01277901,0.06607307,00
0.60106438,0.63673395,0.00973504,0.05024753,00

