0.83647764,0.58663905,0.06758466,0.03842380,25
0.39610031,0.44347912,0.01069376,0.03983789,09
0.26979467,0.44048285,0.01109492,0.03864003,09
0.89659059,0.49711058,0.02398256,0.06559493,09
0.22851565,0.38068312,0.01455303,0.04266888,09
0.48340791,0.41053918,0.01095592,0.03752708,09
0.36009431,0.80885321,0.35950059,0.37745792,02
0.02895564,0.60474664,0.05497794,0.05362460,02
0.97890824,0.67557520,0.04292248,0.08481528,02
0.22121730,0.60427767,0.05385369,0.08269418,02
0.13920669,0.60207915,0.04453924,0.06811344,02
0.18716060,0.67806953,0.05273684,0.23552832,00
0.64172208,0.69200718,0.05235680,0.16583306,00
0.74698120,0.66070700,0.01734948,0.10314420,00
0.72525239,0.66801167,0.02211131,0.10361230,00
0.70243192,0.65794253,0.02336291,0.11060256,00
0.82456255,0.70302206,0.04716995,0.17516968,00
0.84913695,0.69391727,0.03382068,0.17096724,00
0.89225841,0.69616574,0.01885283,0.13221700,00
0.25566265,0.60944247,0.02934994,0.09438234,00
0.06159464,0.60046536,0.01999964,0.07644980,00
0.60017538,0.63487351,0.00958753,0.05189155,00
0.78378397,0.65951014,0.01891304,0.10091295,00

