0.83637172,0.58678526,0.06796962,0.03991290,25
0.39611429,0.44346893,0.01070287,0.03993024,09
0.26964939,0.44116405,0.01131233,0.03924212,09
0.22871226,0.38051456,0.01470074,0.04153710,09
0.89654750,0.49764428,0.02418592,0.06645727,09
0.48342207,0.41044247,0.01096327,0.03754148,09
0.19092233,0.71138406,0.09484565,0.14995229,03
0.36025882,0.80867475,0.35345954,0.37564632,02
0.02907366,0.60480702,0.05569947,0.05448068,02
0.97864914,0.67598903,0.04313868,0.08684914,02
0.21989273,0.60515982,0.05339579,0.08409528,02
0.13972390,0.60017574,0.04381666,0.07284451,02
0.90495253,0.88576567,0.19850896,0.23273392,02
0.08454720,0.60526443,0.06156382,0.06584340,02
0.17896627,0.67622328,0.06078872,0.22558001,00
0.63762307,0.69499832,0.04051325,0.15377598,00
0.84839046,0.69423103,0.03364841,0.16364175,00
0.70208532,0.65767980,0.02145359,0.10843658,00
0.81183636,0.70652139,0.04155077,0.16522001,00
0.74687576,0.66098303,0.01826898,0.09923861,00
0.72564524,0.66641492,0.02145035,0.10109998,00
0.25430241,0.60936481,0.02896209,0.09270425,00
0.60087860,0.63536191,0.00935013,0.05290334,00
0.89218885,0.69445813,0.01729163,0.13604660,00
0.53358638,0.64438629,0.01193873,0.05534302,00
0.06051631,0.60103577,0.01942741,0.07410703,00

