0.83621681,0.58688462,0.06657193,0.03834267,25
0.39611232,0.44340241,0.01072487,0.03999321,09
0.26970440,0.44052809,0.01100937,0.03831731,09
0.89661425,0.49727112,0.02389344,0.06677386,09
0.22849326,0.38061577,0.01454243,0.04264260,09
0.48344773,0.41048568,0.01100036,0.03755406,09
0.71380544,0.56257641,0.01383194,0.03311028,09
0.35973382,0.80924398,0.35641873,0.37443599,02
0.03067555,0.60448790,0.05749957,0.05298023,02
0.97888452,0.67632753,0.04250692,0.08503550,02
0.14082123,0.60019946,0.04384378,0.07384650,02
0.21758227,0.60447329,0.06158883,0.07993515,02
0.90465707,0.88592559,0.19777757,0.23801002,02
0.17691757,0.67615241,0.06137285,0.23062506,00
0.63654381,0.70007753,0.03995766,0.15449089,00
0.80979633,0.70465451,0.03772056,0.16149001,00
0.74770081,0.66717172,0.01810376,0.09872948,00
0.84688407,0.69493914,0.03475416,0.15893947,00
0.72582954,0.66861993,0.01989185,0.10253306,00
0.89283228,0.69436485,0.01727713,0.13481410,00
0.70236897,0.65862358,0.02022427,0.10687563,00
0.09961841,0.60871828,0.02050564,0.07795595,00
0.06350487,0.60025275,0.01837187,0.08218008,00
0.78418654,0.66621125,0.01936187,0.09442066,00
0.53297216,0.64449495,0.01361329,0.05768775,00
0.25275096,0.60888994,0.02842927,0.08781347,00

