0.83561456,0.58630365,0.06647588,0.03821144,25
0.39608359,0.44344646,0.01069243,0.03972844,09
0.26976594,0.44109985,0.01107802,0.03837794,09
0.22821510,0.38044801,0.01425231,0.04194317,09
0.48348597,0.41036841,0.01111845,0.03743912,09
0.89667833,0.49714720,0.02325472,0.06588700,09
0.35943660,0.80816871,0.35664853,0.37743518,02
0.03142559,0.60399514,0.06055631,0.05360581,02
0.97898072,0.67612422,0.04342193,0.08885802,02
0.90348643,0.88651341,0.19999240,0.23087563,02
0.08531697,0.60689205,0.06474856,0.07014929,02
0.14078104,0.60270494,0.04293120,0.07364073,02
0.17515096,0.67535836,0.06050350,0.22675692,00
0.63443714,0.69159818,0.03551355,0.15295833,00
0.78134310,0.66039109,0.02028248,0.10854439,00
0.81236774,0.70638001,0.04021797,0.16930433,00
0.70380968,0.65867871,0.02127812,0.11678961,00
0.74710304,0.66697961,0.01999324,0.09831121,00
0.25462070,0.60571730,0.02990746,0.09349202,00
0.72629452,0.66722012,0.02145188,0.10315558,00
0.89261293,0.69412249,0.01772052,0.13277665,00
0.53225219,0.64237297,0.02073711,0.06130095,00
0.60142475,0.63448912,0.00916780,0.05486836,00

