0.83563989,0.58649033,0.06768494,0.03902634,25
0.39607292,0.44338632,0.01061172,0.03979918,09
0.26963177,0.44153792,0.01099002,0.03990249,09
0.22868307,0.38057011,0.01420205,0.04282243,09
0.48348853,0.41043562,0.01107114,0.03750408,09
0.89665180,0.49731848,0.02362209,0.06687735,09
0.21479845,0.60437357,0.05902617,0.08646998,07
0.35822192,0.80718029,0.35673723,0.38166749,02
0.03121965,0.60439754,0.06082996,0.05567676,02
0.97885573,0.67682385,0.04247609,0.08601374,02
0.14013945,0.60181904,0.04446258,0.07244714,02
0.90475130,0.88777703,0.19912419,0.23076971,02
0.17146966,0.67670596,0.06287598,0.22599544,00
0.80889195,0.70035601,0.03678098,0.17521985,00
0.70451784,0.65791470,0.02247756,0.11962406,00
0.78135133,0.66026402,0.01955450,0.10018013,00
0.72743243,0.66763669,0.02286164,0.10743304,00
0.74722272,0.66045046,0.01926538,0.10197114,00
0.83715612,0.69804561,0.03618615,0.16447043,00
0.63373083,0.69130701,0.03458169,0.15181422,00
0.53142822,0.64272362,0.02271683,0.06342340,00
0.89290279,0.69398391,0.01823886,0.13572703,00
0.06997839,0.60194105,0.02839104,0.08154339,00
0.10203124,0.60737413,0.02152139,0.07895384,00

