0.83496809,0.58638549,0.06781333,0.03998456,25
0.39617682,0.44090077,0.01001394,0.03720712,09
0.26963127,0.44187066,0.01110177,0.04035043,09
0.48348948,0.41042626,0.01106496,0.03751674,09
0.22863019,0.38085192,0.01342278,0.04312633,09
0.89644092,0.49706247,0.02380775,0.06606995,09
0.71380478,0.56266659,0.01367289,0.03333233,09
0.21369766,0.60368460,0.05930542,0.08300389,07
0.35922003,0.80836201,0.35853547,0.38287431,02
0.03172486,0.60379434,0.06071280,0.05358998,02
0.97857714,0.67632151,0.04310412,0.08737238,02
0.90443963,0.88443601,0.19701040,0.23869416,02
0.13921154,0.60106719,0.04668397,0.07272606,02
0.16992986,0.67986363,0.06215848,0.22347109,00
0.80682206,0.69924700,0.03677224,0.18588236,00
0.62409586,0.68290716,0.03594563,0.16590312,00
0.70625132,0.65891063,0.02257092,0.11332282,00
0.72832358,0.66773772,0.02183550,0.10673003,00
0.78172523,0.65897721,0.01921626,0.10193657,00
0.83571327,0.69662440,0.03609095,0.16501808,00
0.89266950,0.69489801,0.01900759,0.13936684,00
0.74706316,0.66053116,0.01738547,0.10184710,00
0.52970880,0.63724238,0.02094143,0.07649446,00
0.24647321,0.60926926,0.02829825,0.07757457,00
0.07027290,0.60188073,0.02543082,0.07998434,00
0.10096139,0.60730332,0.01966321,0.07924069,00

