0.14726853,0.69505721,0.02855689,0.05795711,26
0.83562416,0.58635145,0.06671737,0.03858247,25
0.39609024,0.44277307,0.01067397,0.03877192,09
0.26965365,0.44226846,0.01099848,0.04057027,09
0.89660406,0.49721757,0.02386344,0.06671195,09
0.48352471,0.41039109,0.01111984,0.03750167,09
0.22877495,0.38058886,0.01403830,0.04347301,09
0.71411419,0.56211019,0.01367740,0.03308564,09
0.21405363,0.60158545,0.05637268,0.08334370,07
0.35835874,0.80865437,0.35965613,0.37550458,02
0.03191175,0.60378277,0.05983984,0.05297955,02
0.97855127,0.67780900,0.04348814,0.08886287,02
0.90416920,0.88760167,0.19864947,0.22808343,02
0.85562044,0.67159331,0.10442054,0.08916868,02
0.16926536,0.67977560,0.06390847,0.21608490,00
0.80554867,0.69937766,0.03892000,0.18730065,00
0.83264750,0.69733483,0.04151702,0.17191583,00
0.70707476,0.65804541,0.02421817,0.11298278,00
0.73011833,0.66894233,0.02311805,0.10294350,00
0.62190461,0.68301451,0.03711948,0.16187398,00
0.78010571,0.65799350,0.01866551,0.10101902,00
0.74768418,0.66058457,0.01885288,0.10077783,00
0.89323854,0.69509321,0.01914410,0.13522623,00
0.52933580,0.63714117,0.02303031,0.07420564,00
0.24503030,0.60810179,0.02895654,0.07918786,00
0.30922419,0.69660217,0.05487699,0.07280060,00

