0.14339626,0.69811434,0.02560749,0.05680213,26
0.83564842,0.58639908,0.06696504,0.03846125,25
0.39619264,0.44271350,0.01047747,0.03862272,09
0.26968613,0.44130015,0.01079664,0.03902460,09
0.22812299,0.38049921,0.01414991,0.04233056,09
0.48345289,0.41048217,0.01104299,0.03752543,09
0.89659399,0.49740651,0.02416893,0.06662177,09
0.21922232,0.60573226,0.11668033,0.10220184,07
0.35824391,0.80884999,0.35560855,0.37605095,02
0.03199178,0.60422224,0.06149996,0.05581893,02
0.97898304,0.67659539,0.04268529,0.08648617,02
0.90445578,0.88714182,0.19944733,0.22684160,02
0.47776890,0.62977499,0.04146081,0.04766335,02
0.61877459,0.68192720,0.04199417,0.15972383,00
0.16746922,0.67759013,0.06084260,0.21796037,00
0.83030611,0.69640684,0.03718269,0.17516083,00
0.80473924,0.69608450,0.03359111,0.18084185,00
0.72902042,0.66861963,0.02118275,0.10426182,00
0.74743915,0.66790694,0.01787470,0.09722979,00
0.70765984,0.65758425,0.02325047,0.11676671,00
0.89301759,0.69572419,0.01886499,0.13781533,00
0.52796644,0.63737005,0.02332143,0.06998485,00
0.31006861,0.69567311,0.05396276,0.07447049,00
0.78008449,0.65683359,0.01861974,0.09258481,00
0.24377716,0.60568660,0.02812870,0.08452997,00
0.10188331,0.60692137,0.01720824,0.07847279,00
0.06907332,0.60206550,0.02224861,0.08446102,00
0.90100127,0.69665438,0.03730947,0.17580320,00

