0.14100961,0.69578916,0.02341016,0.06415322,26
0.83495444,0.58671594,0.06798691,0.03936331,25
0.39618286,0.44280699,0.01039842,0.03885556,09
0.26964268,0.44156232,0.01071296,0.03948569,09
0.22849615,0.38065660,0.01451672,0.04228394,09
0.48341012,0.41052142,0.01098242,0.03759756,09
0.89665455,0.49734488,0.02396818,0.06630185,09
0.22439517,0.60499954,0.10702741,0.09856243,07
0.35842580,0.80798399,0.35612288,0.38446799,02
0.97909337,0.67596120,0.04269580,0.08790526,02
0.03190463,0.60348415,0.06066835,0.05412361,02
0.90422803,0.88643724,0.19863045,0.22893485,02
0.88379657,0.67376149,0.11999048,0.09252577,02
0.47719771,0.62945461,0.04015756,0.04740128,02
0.16344038,0.67885065,0.06318181,0.21870753,00
0.61514610,0.68165183,0.03976582,0.16198130,00
0.80016488,0.70453221,0.03535555,0.19175950,00
0.83180219,0.69597369,0.03549982,0.17452513,00
0.74654877,0.66733456,0.01743827,0.09690400,00
0.89278120,0.69553268,0.01943239,0.13756697,00
0.70776337,0.65828818,0.02473116,0.12181355,00
0.72982591,0.66991556,0.02137979,0.10166159,00
0.06933647,0.60266918,0.02097807,0.08315305,00
0.30962509,0.69439083,0.05559271,0.07558137,00
0.60243779,0.67921108,0.01921052,0.15829846,00
0.24343036,0.60585296,0.02675287,0.08258189,00
0.90053660,0.69659626,0.03647401,0.17383882,00
0.62647492,0.68027759,0.02276778,0.14709878,00
0.78011900,0.65654999,0.01716784,0.09079841,00

