0.13797274,0.69580251,0.02365338,0.06272148,26
0.83491015,0.58670020,0.06788060,0.03946758,25
0.39618093,0.44301251,0.01036337,0.03906038,09
0.26974511,0.44144711,0.01099230,0.03883631,09
0.48344401,0.41044870,0.01103899,0.03764591,09
0.89658725,0.49728692,0.02359765,0.06609569,09
0.22860673,0.38061094,0.01352181,0.04319907,09
0.20190704,0.59798670,0.06211125,0.08163818,02,07
0.35965130,0.80801439,0.35685530,0.38230243,02
0.97905749,0.67583776,0.04317685,0.08873826,02
0.03339544,0.60428947,0.06218256,0.05484724,02
0.88446987,0.67246121,0.10991368,0.09955563,02
0.47715318,0.62947571,0.04085764,0.04707489,02
0.90469289,0.88643116,0.19982083,0.22888733,02
0.61259031,0.68062729,0.04249064,0.16712371,00
0.16011623,0.67404944,0.05698233,0.22785997,00
0.79714435,0.70414889,0.03968601,0.18758434,00
0.74733275,0.66732961,0.01879544,0.10103349,00
0.52328944,0.63360751,0.01788263,0.07273968,00
0.73033196,0.66827732,0.02075279,0.10667974,00
0.70762938,0.65911704,0.02264426,0.11898089,00
0.89291495,0.69561815,0.01963122,0.13817382,00
0.82699698,0.69395071,0.02952272,0.17201303,00
0.07023595,0.60291058,0.01931385,0.08242511,00
0.24263558,0.60309327,0.02807841,0.08691417,00
0.10211689,0.60623771,0.01578542,0.08252783,00
0.30960414,0.69457048,0.05427474,0.07479243,00
0.89973831,0.69796240,0.03470055,0.18032219,00

