0.13643645,0.69938719,0.02630758,0.05996938,26
0.83476710,0.58670729,0.06836485,0.03952645,25
0.39621121,0.44288865,0.01027959,0.03913847,09
0.26967230,0.44119120,0.01096681,0.03904825,09
0.48342294,0.41044125,0.01103855,0.03764869,09
0.89672393,0.49735224,0.02341761,0.06683917,09
0.22864778,0.38058141,0.01374111,0.04358289,09
0.35943922,0.80905390,0.35744327,0.38077497,02
0.03453847,0.60427457,0.06430800,0.05524458,02
0.97917193,0.67600584,0.04294282,0.08837762,02
0.88428569,0.67319393,0.10776884,0.09790228,02
0.20122087,0.59886831,0.06459369,0.07940127,02
0.22436281,0.60768008,0.10163569,0.10103177,02
0.47735238,0.62965643,0.04091024,0.04780825,02
0.15259857,0.67434490,0.05107870,0.22379975,00
0.61121750,0.68045598,0.04636638,0.16175191,00
0.78623444,0.70390183,0.03348234,0.18527059,00
0.07171781,0.60199291,0.02088518,0.08392137,00
0.52198726,0.63299459,0.01372132,0.06473706,00
0.79859465,0.70194185,0.03113216,0.18497726,00
0.74576694,0.66836435,0.01964064,0.10119683,00
0.89266425,0.69512415,0.01958614,0.13797514,00
0.71263140,0.65989107,0.02634622,0.12264519,00
0.10853390,0.60255301,0.02175969,0.08172955,00
0.73071998,0.66869330,0.02336748,0.10356287,00
0.89993346,0.69780314,0.03573026,0.18331170,00
0.31051677,0.69465941,0.05602695,0.07472917,00
0.59954745,0.67944419,0.02171922,0.14705256,00

