0.13422810,0.69946051,0.02723359,0.06100573,26
0.83535689,0.58606076,0.06763347,0.03955623,25
0.39630961,0.44214717,0.01045198,0.03731442,09
0.26989833,0.44102982,0.01134691,0.03847686,09
0.89645505,0.49684644,0.02367238,0.06612992,09
0.48339060,0.40320015,0.01157261,0.03905061,09
0.22882505,0.38043141,0.01343812,0.04273613,09
0.22718999,0.66764730,0.07779052,0.11731202,03
0.35934728,0.80800372,0.36068669,0.38196003,02
0.03530374,0.60425556,0.06573690,0.05461917,02
0.97893381,0.67651212,0.04285744,0.08788522,02
0.19344278,0.59967679,0.05838524,0.08206285,02
0.88430136,0.66947812,0.11029182,0.09478395,02
0.47740805,0.62906498,0.04101262,0.04680731,02
0.15027314,0.67131138,0.04760141,0.22538522,00
0.61151254,0.67983484,0.04631681,0.16293187,00
0.78372431,0.70240611,0.03571212,0.18346544,00
0.82172060,0.69434607,0.03076352,0.17087720,00
0.52031493,0.63329434,0.01378736,0.06240079,00
0.89303511,0.69476521,0.01913172,0.13745150,00
0.74364173,0.66830426,0.01868207,0.09912245,00
0.07288490,0.60066104,0.02118593,0.07944307,00
0.90000123,0.69795185,0.03487657,0.18079324,00
0.31040958,0.69403321,0.05609914,0.07578885,00
0.10888693,0.60221416,0.02236149,0.08259336,00

