0.12961151,0.69829232,0.02361761,0.06176471,26
0.83532214,0.58607990,0.06758431,0.04026943,25
0.39634216,0.44203970,0.01009769,0.03769011,09
0.26967770,0.44089782,0.01116284,0.03847783,09
0.48340997,0.40322253,0.01159533,0.03922866,09
0.22859794,0.38054234,0.01367028,0.04307761,09
0.89658368,0.49680394,0.02361122,0.06665551,09
0.35916898,0.80838120,0.35755479,0.37641156,02
0.03541288,0.60427696,0.06629939,0.05474619,02
0.97912306,0.67637831,0.04261905,0.08825942,02
0.19311266,0.59967339,0.05972867,0.08281574,02
0.88511288,0.67028672,0.11222891,0.09389713,02
0.47719544,0.62907284,0.04042228,0.04652272,02
0.60117257,0.68119121,0.05055711,0.16289319,00
0.14638387,0.67363501,0.04617345,0.22062661,00
0.78230029,0.70408100,0.04535414,0.18836401,00
0.82057971,0.69549990,0.03337219,0.17346436,00
0.74070597,0.66837436,0.02315230,0.10913352,00
0.51963538,0.63375998,0.01302502,0.05652641,00
0.89276445,0.69438249,0.01943661,0.14052445,00
0.70706201,0.65780997,0.02128788,0.12002888,00
0.10959911,0.60216802,0.01989580,0.08332611,00
0.31050441,0.69446510,0.05537969,0.07518508,00
0.07448434,0.60167968,0.02054324,0.07729625,00
0.89964855,0.69772023,0.03497346,0.18530889,00

