0.83530998,0.58659834,0.06876170,0.03865271,25
0.39594406,0.44385791,0.01028620,0.03929177,09
0.26934847,0.44156218,0.01073198,0.03984737,09
0.89655071,0.49768096,0.02410232,0.06620251,09
0.48330733,0.40315059,0.01145057,0.03837359,09
0.22866543,0.38082382,0.01389818,0.04364657,09
0.35888702,0.80909169,0.35604230,0.37751004,02
0.03545560,0.60380882,0.06736065,0.05562042,02
0.97866362,0.67804140,0.04327102,0.09090080,02
0.19314519,0.59883034,0.05923042,0.08498329,02
0.88452983,0.66896611,0.11372914,0.09151608,02
0.47719207,0.62584126,0.02796440,0.03686437,02
0.90448952,0.88975954,0.20110515,0.23353676,02
0.59859580,0.68069917,0.04799958,0.16558847,00
0.14495312,0.67087668,0.04526977,0.21097971,00
0.77957010,0.70073014,0.05324644,0.18265039,00
0.74055749,0.66950446,0.02338321,0.10967781,00
0.81262499,0.70014381,0.03913217,0.18966404,00
0.89300901,0.69461066,0.01972524,0.14164868,00
0.10891817,0.60375482,0.01874669,0.07951005,00
0.22552478,0.64899689,0.05244787,0.13749513,00
0.51726758,0.63166595,0.01904204,0.07353957,00
0.07384124,0.60347736,0.01947456,0.08203203,00
0.65361691,0.63620734,0.01302807,0.06043097,00
0.70720011,0.65783435,0.02010138,0.10391243,00

