0.12070439,0.70194530,0.03359914,0.06538711,26
0.83546108,0.58655512,0.06828172,0.04000115,25
0.39617109,0.44210961,0.01004661,0.03728586,09
0.26970503,0.44152215,0.01105781,0.03937537,09
0.48366091,0.41029751,0.01110197,0.03757771,09
0.22811233,0.38077244,0.01347179,0.04339634,09
0.89651823,0.49764758,0.02404515,0.06642970,09
0.22592027,0.67264277,0.08095624,0.10799818,03
0.35886964,0.80809891,0.35679463,0.37564763,02
0.97861791,0.67576087,0.04290838,0.08894055,02
0.03523248,0.60451877,0.06587107,0.05280949,02
0.19347796,0.59827060,0.05959016,0.08159253,02
0.88325137,0.67064112,0.11348246,0.08849779,02
0.47817722,0.62651998,0.02898768,0.03519093,02
0.59648299,0.68139553,0.04967993,0.16091563,00
0.14434072,0.66948223,0.04380417,0.20608261,00
0.77604693,0.69948941,0.05257710,0.18674505,00
0.80862188,0.69915831,0.03470610,0.18467575,00
0.74181396,0.67248982,0.02159904,0.10991701,00
0.11028750,0.60319251,0.02033255,0.08283496,00
0.89224243,0.69557685,0.02048755,0.13726033,00
0.07464539,0.60297316,0.01833357,0.08346807,00
0.51635498,0.63229930,0.02175507,0.07345998,00
0.71317887,0.66961014,0.02568265,0.11372452,00
0.23189574,0.60652578,0.02840746,0.09696878,00
0.73402125,0.67300242,0.02216678,0.10201433,00
0.82667619,0.67294645,0.02046753,0.11431614,00
0.31018153,0.69422245,0.05263404,0.07915937,00
0.62148941,0.65040082,0.01690093,0.09233741,00
0.23040448,0.62786990,0.04814769,0.14134638,00

