0.83562684,0.58642572,0.06823167,0.03831174,25
0.39624089,0.44257611,0.01019839,0.03816760,09
0.26972651,0.44173551,0.01080573,0.03956596,09
0.89657581,0.49708173,0.02415714,0.06596957,09
0.48369402,0.41028616,0.01118649,0.03735220,09
0.22834352,0.38065019,0.01357782,0.04289048,09
0.71421820,0.56321996,0.01342002,0.03319393,09
0.35867622,0.80822676,0.35942981,0.37246984,02
0.97880822,0.67555118,0.04287639,0.08788649,02
0.03544292,0.60438436,0.06709709,0.05349295,02
0.19273539,0.59747893,0.06173915,0.08299892,02
0.88354683,0.67199451,0.11334737,0.09227120,02
0.90371424,0.88944942,0.20005627,0.23342544,02
0.47768754,0.62642127,0.02776182,0.03615073,02
0.59493417,0.68185705,0.04793755,0.15779038,00
0.14120620,0.66938508,0.04658272,0.20696925,00
0.77494365,0.70392984,0.05735718,0.18265666,00
0.74135202,0.67088646,0.02291853,0.11365842,00
0.80607808,0.70160455,0.03709562,0.18318199,00
0.89231378,0.69523311,0.02071014,0.13650595,00
0.51544154,0.63297331,0.02372524,0.07539061,00
0.22337030,0.65289825,0.04936496,0.13502015,00
0.07443941,0.60159957,0.01838967,0.07988972,00
0.11112127,0.60480523,0.02014914,0.07714529,00
0.31009293,0.69577736,0.05365254,0.07529078,00

