0.83591843,0.58583057,0.06877958,0.03855923,25
0.27011728,0.44430426,0.01111291,0.04292572,09
0.39611843,0.44443125,0.01108526,0.03896822,09
0.89637905,0.49759781,0.02455181,0.06390113,09
0.22815558,0.38070646,0.01347077,0.04263190,09
0.48294345,0.41168371,0.01034758,0.03612939,09
0.22150338,0.66985178,0.07872719,0.11728960,03
0.35891086,0.80978465,0.36076915,0.36547869,02
0.03514901,0.60348982,0.06426001,0.05381430,02
0.97848701,0.67904371,0.04317151,0.08890653,02
0.19193669,0.59747356,0.06004814,0.08226193,02
0.88211352,0.67191494,0.13394044,0.08582289,02
0.90335256,0.88847160,0.20164607,0.23539408,02
0.13776535,0.67032081,0.05040252,0.20576283,00
0.58926982,0.68214297,0.04437030,0.15995480,00
0.77227777,0.70560318,0.05858707,0.19747783,00
0.89234781,0.69556445,0.02042914,0.14125425,00
0.74137032,0.67079240,0.02193158,0.11587397,00
0.51119471,0.63107240,0.02395182,0.07709190,00
0.62106287,0.64820707,0.01877846,0.09231480,00
0.82572210,0.67446703,0.02357197,0.11539298,00
0.80430704,0.69740027,0.03755565,0.19123910,00
0.71463180,0.65769392,0.02274030,0.12465571,00
0.22808017,0.65163451,0.04947083,0.13726687,00

