0.83584058,0.58581835,0.06729367,0.03750829,25
0.26997468,0.44236577,0.01086655,0.04142249,09
0.39612234,0.44428244,0.01112573,0.03869099,09
0.89632916,0.49724886,0.02450888,0.06417105,09
0.22784431,0.38091353,0.01378333,0.04303517,09
0.48295182,0.41162902,0.01040982,0.03614751,09
0.22065629,0.67165077,0.08279704,0.11060586,03
0.35882503,0.81025630,0.35698360,0.36830378,02
0.03559341,0.60390365,0.06502698,0.05396834,02
0.97850406,0.67865056,0.04358834,0.09004604,02
0.19157431,0.59747165,0.05824314,0.08180565,02
0.88334745,0.67259419,0.12043843,0.08741637,02
0.58864701,0.68235260,0.04581411,0.16774768,00
0.12611663,0.67495096,0.06112880,0.20844857,00
0.89201564,0.69538122,0.01989598,0.14407781,00
0.76973140,0.70609641,0.05256443,0.19003107,00
0.74014848,0.66840869,0.02134225,0.11507991,00
0.51100546,0.63169545,0.02291601,0.07562236,00
0.80138254,0.69653302,0.03290443,0.18480846,00
0.82475156,0.67481762,0.02496584,0.11972503,00
0.61997366,0.64668894,0.02036540,0.09774666,00
0.71629864,0.65836859,0.02155378,0.12659645,00
0.22355300,0.65200800,0.05026553,0.13286932,00
0.24543571,0.63002574,0.02951872,0.11872973,00

