0.83609343,0.58549297,0.06651797,0.03688547,25
0.27016270,0.44276235,0.01096385,0.04129224,09
0.39614552,0.44428861,0.01114400,0.03881525,09
0.89627367,0.49727193,0.02485968,0.06403447,09
0.22792600,0.38086525,0.01383794,0.04383969,09
0.48293656,0.41153851,0.01047220,0.03584936,09
0.35955152,0.81053597,0.35782725,0.37265566,02
0.19131522,0.59773588,0.05769051,0.08487763,02
0.97845852,0.67867345,0.04358469,0.08999293,02
0.88300586,0.67161942,0.12465952,0.08668054,02
0.03468751,0.60384238,0.06271668,0.05365323,02
0.24666016,0.61538386,0.12044588,0.09693692,02
0.12332834,0.67394674,0.05884217,0.20882517,00
0.58445621,0.68002588,0.03794343,0.15926376,00
0.79741877,0.70213646,0.03910490,0.18878663,00
0.89176488,0.69497132,0.02057512,0.14672606,00
0.74060380,0.66976124,0.02404786,0.11472598,00
0.50987595,0.63228106,0.02166907,0.07311426,00
0.62015742,0.64826709,0.02098348,0.09641798,00
0.71728474,0.65807891,0.02094136,0.12379963,00
0.77027726,0.70501918,0.04226319,0.19049992,00
0.82279980,0.67473716,0.02529731,0.11450877,00
0.22482996,0.65060365,0.04060424,0.13411769,00
0.24289653,0.62952417,0.02546148,0.11795339,00
0.08215886,0.60153949,0.02254480,0.07920694,00
0.70477748,0.65714818,0.01553389,0.11355931,00
0.22223039,0.60517186,0.02591606,0.09272981,00

