0.83566761,0.58604014,0.06694987,0.03831670,25
0.27022535,0.44334522,0.01104312,0.04216183,09
0.39614663,0.44427732,0.01123350,0.03858337,09
0.22778970,0.38078240,0.01341961,0.04408387,09
0.89630491,0.49750531,0.02457199,0.06414155,09
0.48294911,0.41144773,0.01047408,0.03583777,09
0.35936871,0.81123680,0.36018664,0.36934727,02
0.97858477,0.67861432,0.04303056,0.08678217,02
0.04260173,0.60370064,0.07254546,0.05616724,02
0.19135316,0.59713560,0.05551048,0.08095709,02
0.87974209,0.67070502,0.13885547,0.08502939,02
0.90329802,0.88808525,0.20226398,0.23037133,02
0.24669254,0.60949844,0.12374653,0.09088691,02
0.12128362,0.66828144,0.05839356,0.21184973,00
0.79416078,0.70634878,0.04247504,0.17555715,00
0.58331424,0.67921644,0.03963971,0.16332681,00
0.71686441,0.66973251,0.02360799,0.12463257,00
0.89187461,0.69508493,0.02028252,0.14443488,00
0.62024969,0.64641941,0.02052678,0.09780677,00
0.08166609,0.59996575,0.02199752,0.08412974,00
0.75824237,0.70266181,0.03406866,0.18597510,00
0.74009138,0.67265809,0.02202193,0.11658889,00
0.24227293,0.62857902,0.02550975,0.11228541,00
0.50902802,0.63190895,0.02163122,0.07831416,00
0.82201314,0.67241216,0.02680628,0.10528672,00
0.22714813,0.65287894,0.04095120,0.13031028,00

