0.83576000,0.58580178,0.06766213,0.03836231,25
0.27014768,0.44286546,0.01109157,0.04147596,09
0.39614603,0.44486037,0.01144873,0.03949420,09
0.89628398,0.49737370,0.02447194,0.06454885,09
0.22803342,0.38082513,0.01384780,0.04470020,09
0.48300245,0.41134790,0.01060192,0.03594422,09
0.35996473,0.81015211,0.36682448,0.36846223,02
0.88165826,0.67176419,0.12778282,0.09257717,02
0.03572060,0.60299999,0.06698663,0.05355112,02
0.97858608,0.67864257,0.04255367,0.08812921,02
0.19132440,0.59776378,0.05589217,0.08262257,02
0.90268034,0.89144927,0.19831872,0.22859587,02
0.11958973,0.67277187,0.05859624,0.21770929,00
0.57507873,0.67574513,0.04103898,0.17331347,00
0.71759146,0.66876799,0.02380062,0.12252141,00
0.79341322,0.70079845,0.04163468,0.17069961,00
0.89154893,0.69505471,0.02169506,0.14652452,00
0.61995769,0.64658666,0.02164625,0.09567997,00
0.74075806,0.67336226,0.02250981,0.11858699,00
0.08333782,0.60053861,0.02151457,0.08083972,00
0.75775725,0.70304203,0.03802855,0.18652758,00
0.22579809,0.65250808,0.04381593,0.13356198,00
0.50890577,0.63065135,0.02288056,0.07251412,00
0.77775341,0.70488310,0.04348854,0.18164954,00
0.65471464,0.63523722,0.01292441,0.06212184,00
0.24098949,0.63102371,0.02381259,0.11870930,00

