0.83452362,0.58597451,0.06857332,0.03861032,25
0.27001214,0.44350997,0.01118656,0.04142940,09
0.39612824,0.44465947,0.01151120,0.03940234,09
0.22806180,0.38073659,0.01317092,0.04307639,09
0.89633763,0.49766606,0.02512539,0.06427561,09
0.48297259,0.41145313,0.01054388,0.03609612,09
0.36053422,0.81191254,0.36580360,0.37225837,02
0.97864795,0.67663574,0.04293262,0.08671609,02
0.87992495,0.67253292,0.12504579,0.09094109,02
0.03482260,0.60298842,0.06348496,0.05108928,02
0.19185427,0.59730667,0.05215453,0.07892313,02
0.90286052,0.89003468,0.20050149,0.23407407,02
0.11815879,0.67518669,0.06241895,0.21724321,00
0.57377672,0.67637873,0.03962836,0.17374845,00
0.75436884,0.69902718,0.03785425,0.18837267,00
0.78453964,0.70600522,0.04807614,0.17571369,00
0.62007576,0.64589345,0.02106321,0.09820763,00
0.89154291,0.69515222,0.02337112,0.14633353,00
0.71877038,0.66876793,0.02403247,0.12050018,00
0.22578746,0.65089947,0.03921863,0.13965078,00
0.70362645,0.65759993,0.01709992,0.11012140,00

