0.83544087,0.58559096,0.06861231,0.03704386,25
0.27026877,0.44369853,0.01080772,0.04241247,09
0.39610478,0.44470027,0.01158166,0.03944371,09
0.89636451,0.49766743,0.02470743,0.06428142,09
0.22818379,0.38062423,0.01342527,0.04288596,09
0.48299584,0.41138330,0.01053028,0.03583498,09
0.35990736,0.80961406,0.35989699,0.36817035,02
0.87999737,0.67061985,0.13667928,0.09101688,02
0.97837007,0.67817992,0.04366661,0.09111357,02
0.03552362,0.60324490,0.06737765,0.05374110,02
0.19175063,0.59773862,0.05005316,0.07762923,02
0.90334302,0.88865691,0.19964944,0.23820603,02
0.23061863,0.60816693,0.12718655,0.09673592,02
0.11631267,0.67482275,0.06190207,0.21988972,00
0.57271665,0.67658877,0.04058041,0.17314428,00
0.78325796,0.70740527,0.05050553,0.17769086,00
0.75227219,0.70014650,0.03997372,0.18465854,00
0.71904010,0.66756880,0.02440091,0.12147412,00
0.22450618,0.64862621,0.03845273,0.14148705,00
0.89159155,0.69332308,0.02249474,0.14296015,00
0.62035286,0.64689893,0.01927684,0.09418185,00
0.70427793,0.65684026,0.01564039,0.11072356,00
0.08382714,0.59927005,0.02492232,0.07735426,00
0.65482533,0.63555640,0.01210555,0.06362507,00

