0.83564603,0.58543992,0.07011537,0.03780399,25
0.27006555,0.44410005,0.01119779,0.04249309,09
0.39617750,0.44508317,0.01149559,0.04088775,09
0.22832765,0.38088647,0.01415178,0.04350065,09
0.89642256,0.49781704,0.02462971,0.06472378,09
0.36005494,0.80927622,0.35922644,0.37312970,02
0.87872064,0.67218363,0.13964923,0.09494667,02
0.97848672,0.67837244,0.04245916,0.08749291,02
0.03569035,0.60283542,0.06723598,0.05337434,02
0.19194865,0.59873062,0.05103917,0.08363184,02
0.90320510,0.89030874,0.20021079,0.23336375,02
0.22736092,0.61088794,0.13355431,0.10200609,02
0.11458335,0.67683774,0.06178179,0.21498449,00
0.74860191,0.70533150,0.04105368,0.18723959,00
0.78266805,0.70147693,0.04197504,0.18400043,00
0.56970251,0.67890418,0.04015427,0.16839340,00
0.22256184,0.64468426,0.03906509,0.15829326,00
0.61999941,0.64863437,0.02082461,0.09072890,00
0.89080971,0.69473869,0.02384870,0.14550214,00
0.71920413,0.65941876,0.02216785,0.12351913,00
0.70462549,0.65698218,0.01503918,0.10937310,00

