0.83596516,0.58523118,0.06897174,0.03683604,25
0.27018127,0.44186765,0.01088409,0.03997950,09
0.39614996,0.44480973,0.01145895,0.04015097,09
0.89647013,0.49770090,0.02473673,0.06419559,09
0.22848578,0.38097861,0.01424953,0.04392321,09
0.36112398,0.80965632,0.35853451,0.37136117,02
0.87934041,0.67003191,0.13830926,0.09269556,02
0.97880274,0.67858052,0.04320035,0.09000127,02
0.03640290,0.60333455,0.06886603,0.05402341,02
0.90337443,0.89242166,0.20104408,0.23310213,02
0.19177487,0.59799069,0.04820205,0.07834679,02
0.11164211,0.67740548,0.06561120,0.21199192,00
0.74764425,0.70672429,0.04045730,0.17815506,00
0.21971834,0.64424294,0.03919678,0.16629104,00
0.56747496,0.67323256,0.04164232,0.17502953,00
0.89127719,0.69625443,0.02430475,0.14005210,00
0.61988574,0.64833874,0.02039939,0.08911569,00
0.77886420,0.70490378,0.03902493,0.17065306,00
0.71970391,0.65991718,0.02220334,0.12526393,00
0.65475857,0.63588732,0.01265308,0.06269731,00
0.80888802,0.67376000,0.02329717,0.10636113,00
0.70593214,0.65790457,0.01697825,0.10826246,00

