0.83577251,0.58532947,0.07041673,0.03675361,25
0.26993370,0.44214058,0.01067763,0.04025840,09
0.39616728,0.44478133,0.01137664,0.04014539,09
0.22838607,0.38089266,0.01424922,0.04308528,09
0.89635479,0.49768567,0.02515397,0.06408030,09
0.48338297,0.40280253,0.01166415,0.03769779,09
0.36158773,0.80914956,0.35680062,0.37732258,02
0.88035661,0.66962439,0.13439201,0.09606156,02
0.03565177,0.60256362,0.06691647,0.05320445,02
0.97884738,0.67855787,0.04307410,0.08984600,02
0.19205002,0.59878111,0.04627889,0.07662266,02
0.90298903,0.89217126,0.20081611,0.23222755,02
0.13993929,0.60223949,0.04655464,0.06549557,02
0.56389451,0.67222965,0.04548002,0.18543981,00
0.10847416,0.68004125,0.06394694,0.21323930,00
0.21891916,0.64355886,0.03744934,0.16610514,00
0.61994272,0.64853024,0.02200353,0.09279980,00
0.76994705,0.70337725,0.03923586,0.18316878,00
0.89113957,0.69564247,0.02454682,0.13986662,00
0.74453765,0.70420271,0.04047202,0.18669157,00
0.71825916,0.67005813,0.02033923,0.11618154,00
0.65459567,0.63598448,0.01275965,0.06185750,00
0.70579940,0.65775740,0.01669719,0.10982641,00

