0.83549142,0.58496183,0.07015051,0.03651569,25
0.27009636,0.44214541,0.01077483,0.04027669,09
0.39616752,0.44502422,0.01126339,0.04024973,09
0.22784439,0.38071802,0.01470812,0.04431916,09
0.48338041,0.40276778,0.01166139,0.03853266,09
0.36061570,0.80990505,0.35883394,0.37771419,02
0.03525324,0.60308015,0.06597199,0.05162928,02
0.87876230,0.67013139,0.12720904,0.09562974,02
0.97858161,0.67689604,0.04269220,0.08910774,02
0.13826592,0.60192353,0.03187383,0.06961557,02
0.90237325,0.89358133,0.20177203,0.22999446,02
0.19085045,0.59906924,0.04459960,0.07766454,02
0.56035954,0.67610997,0.04830656,0.17555384,00
0.10742813,0.67655551,0.06242210,0.21836883,00
0.61988848,0.64906067,0.02134972,0.09187470,00
0.21718901,0.64584255,0.03862550,0.15905638,00
0.76701421,0.70001912,0.03848957,0.18126962,00
0.89068210,0.69580567,0.02409918,0.13868296,00
0.74533385,0.70037472,0.04689485,0.18665120,00
0.80586094,0.67051268,0.02188618,0.11369301,00
0.71901578,0.67104125,0.01989258,0.11769823,00

