0.83562386,0.58505684,0.06966598,0.03580893,25
0.26994678,0.44248730,0.01120244,0.04039821,09
0.39615783,0.44504148,0.01130576,0.04049698,09
0.22859159,0.38080412,0.01469784,0.04292811,09
0.89641142,0.49759513,0.02464225,0.06402066,09
0.48308951,0.41112128,0.01053247,0.03854432,09
0.35750079,0.80841804,0.36343849,0.37610719,02
0.87877733,0.67035961,0.12831794,0.09296125,02
0.97882825,0.67749661,0.04314612,0.08935575,02
0.03556393,0.60292280,0.06810866,0.05334440,02
0.13891786,0.60182518,0.04493953,0.06960329,02
0.55786270,0.67665344,0.04742119,0.17123710,00
0.62018949,0.64960545,0.02142719,0.08905664,00
0.10052369,0.67196393,0.05822863,0.21591792,00
0.21535093,0.64617079,0.03609640,0.16062744,00
0.76549047,0.69878149,0.03640447,0.17709039,00
0.73254550,0.70166874,0.04263398,0.18209043,00
0.89093137,0.69614017,0.02396921,0.14120775,00
0.80648297,0.66945595,0.02363213,0.11552102,00
0.49606347,0.63409710,0.01934016,0.07038486,00
0.70607924,0.65687186,0.01722141,0.11175875,00
0.71787977,0.67204225,0.01993657,0.12109982,00

