0.83492398,0.58493477,0.06946491,0.03675183,25
0.26991168,0.44270676,0.01101826,0.04090887,09
0.39620885,0.44516471,0.01127363,0.04079655,09
0.22865768,0.38083884,0.01446668,0.04293605,09
0.48333129,0.40284142,0.01180949,0.03840243,09
0.35841155,0.80927032,0.37022531,0.37296003,02
0.03601240,0.60330260,0.06961145,0.05340689,02
0.87782097,0.67050612,0.12855670,0.09728916,02
0.97868568,0.67645568,0.04298117,0.08914179,02
0.13783078,0.60224164,0.04373494,0.07167697,02
0.09440317,0.66947287,0.05381608,0.21397533,00
0.62041110,0.64925194,0.02194134,0.09022444,00
0.55005628,0.67941999,0.05038667,0.17361310,00
0.21362503,0.64501089,0.03983448,0.15958172,00
0.73006773,0.70245886,0.04454121,0.18434395,00
0.76463431,0.69555581,0.03532438,0.19243440,00
0.89074415,0.69540286,0.02420700,0.13871817,00
0.70686162,0.65687925,0.01715839,0.11047797,00
0.49569833,0.63245535,0.02166432,0.07410447,00
0.80600935,0.66866291,0.02378890,0.11243279,00

