0.83541858,0.58547324,0.06973583,0.03621132,25
0.39620027,0.44507179,0.01128744,0.03972144,09
0.26995802,0.44217432,0.01075610,0.04074959,09
0.22863694,0.38082170,0.01443811,0.04297216,09
0.48341677,0.41091564,0.01068805,0.03974349,09
0.89644492,0.49757907,0.02449863,0.06443030,09
0.35895467,0.81030589,0.36730352,0.37304944,02
0.87792856,0.67126995,0.13556886,0.09528947,02
0.03587501,0.60424513,0.06909744,0.05416464,02
0.97882158,0.67765385,0.04320028,0.08948864,02
0.13628665,0.60270721,0.04343392,0.07322712,02
0.54948527,0.68167585,0.05312308,0.15771541,00
0.62044811,0.64913958,0.02210675,0.08482345,00
0.09149223,0.66638076,0.05267554,0.22326823,00
0.21304277,0.64433068,0.04001783,0.16142690,00
0.72933584,0.70055276,0.05019183,0.18010235,00
0.89130008,0.69573778,0.02636859,0.13668264,00
0.75668508,0.69410235,0.04104379,0.19241007,00
0.65519619,0.63638031,0.01338387,0.06007652,00
0.80542141,0.66786373,0.02490246,0.11653154,00
0.49351731,0.63354445,0.02130903,0.07406562,00

