0.83566529,0.58510995,0.06756374,0.03516229,25
0.26998150,0.44212678,0.01070711,0.04052236,09
0.39615896,0.44495305,0.01120312,0.03972910,09
0.22885641,0.38083893,0.01432310,0.04258097,09
0.48359832,0.41069674,0.01073817,0.03958675,09
0.89636421,0.49761835,0.02469395,0.06370568,09
0.36021364,0.81015307,0.36567247,0.36935404,02
0.87768924,0.67160189,0.13961414,0.09506912,02
0.03504263,0.60417932,0.06573323,0.05302593,02
0.97891033,0.67771417,0.04330961,0.09060521,02
0.13666119,0.60243082,0.04218904,0.07011746,02
0.90313089,0.89275479,0.20049135,0.23058464,02
0.54792482,0.68027705,0.05080257,0.17144167,00
0.72804177,0.70796925,0.04779448,0.17410532,00
0.08929066,0.66840863,0.05122655,0.22241087,00
0.62078363,0.64752120,0.01980416,0.08530802,00
0.75672489,0.69904298,0.03645776,0.18452197,00
0.20541818,0.64448416,0.04352964,0.15806805,00
0.89010751,0.69542778,0.02691921,0.13595726,00
0.79975218,0.67133814,0.02272121,0.09810445,00
0.70736635,0.65641069,0.01813325,0.11537869,00
0.65469110,0.63606024,0.01275372,0.05987836,00

