0.83581793,0.58537060,0.06835319,0.03559440,25
0.39623588,0.44496432,0.01110478,0.04004617,09
0.27015916,0.44359094,0.01106501,0.04133071,09
0.22771248,0.38092968,0.01470898,0.04327082,09
0.48334414,0.40321049,0.01182050,0.03981833,09
0.89645648,0.49722090,0.02419118,0.06469297,09
0.36072096,0.80963498,0.36645052,0.36831871,02
0.87759650,0.67214918,0.13888174,0.09532180,02
0.03473547,0.60388321,0.06326178,0.05231829,02
0.97871500,0.67741501,0.04283711,0.08737104,02
0.13734080,0.60478085,0.04606106,0.06970913,02
0.90205204,0.89172155,0.20111115,0.23567551,02
0.54495621,0.68073577,0.04870014,0.16707899,00
0.08404359,0.66816914,0.05705123,0.22258551,00
0.75430334,0.69512415,0.03491162,0.19164717,00
0.62088698,0.64628297,0.01993139,0.08682352,00
0.72288185,0.69759327,0.04308402,0.19428681,00
0.20612590,0.64443207,0.04021872,0.15060735,00
0.88908619,0.69739980,0.02696285,0.13130602,00
0.79955477,0.67075801,0.02373630,0.09896560,00
0.65467894,0.63599283,0.01256080,0.05999020,00

