0.83578092,0.58442467,0.06591924,0.03324917,25
0.39620328,0.44382074,0.01069077,0.03842863,09
0.26983613,0.44238725,0.01113839,0.03895950,09
0.48256823,0.41084149,0.01107483,0.03830042,09
0.22805412,0.38077605,0.01388720,0.04135719,09
0.89663959,0.49775562,0.02402104,0.06496677,09
0.25100580,0.61026186,0.12273628,0.10585190,07
0.35944641,0.80817747,0.36259159,0.36893967,02
0.87819815,0.67238247,0.12739272,0.10218197,02
0.03408611,0.60449624,0.06210692,0.05340062,02
0.97911674,0.67473775,0.04312147,0.08574532,02
0.13801263,0.60443145,0.04310834,0.06612631,02
0.90312880,0.89006054,0.20299350,0.23245575,02
0.18737932,0.59878331,0.02953585,0.07384100,02
0.08242601,0.66587722,0.05496949,0.21950924,00
0.20453839,0.64458019,0.03987542,0.15496853,00
0.53990662,0.68154359,0.03875118,0.15892452,00
0.75467294,0.69592530,0.03053691,0.17891206,00
0.72097099,0.69693327,0.03387600,0.18929337,00
0.62104160,0.64625686,0.01708721,0.09357400,00
0.88891679,0.69609129,0.02679231,0.13208847,00
0.65472776,0.63513315,0.01300588,0.06089674,00

