0.83603841,0.58412719,0.06652731,0.03266878,25
0.39619744,0.44395393,0.01069910,0.03860953,09
0.26996577,0.44263285,0.01091227,0.03944959,09
0.48253411,0.41093153,0.01101536,0.03843974,09
0.22841498,0.38083398,0.01362864,0.04105398,09
0.89667529,0.49739787,0.02351157,0.06488129,09
0.25051862,0.61176533,0.12186432,0.10669068,07
0.35890073,0.80865121,0.36362317,0.37099603,02
0.87694663,0.67320538,0.13224582,0.09908023,02
0.03273661,0.60304010,0.05904412,0.05273315,02
0.97904664,0.67449248,0.04288896,0.08508948,02
0.13848209,0.60505223,0.04628242,0.06782570,02
0.08121673,0.66822445,0.04899836,0.22805284,00
0.75190276,0.69571370,0.03303240,0.17890964,00
0.53969586,0.67935681,0.03429003,0.16188541,00
0.62077594,0.64764035,0.01692876,0.08934171,00
0.20220071,0.64334160,0.04240044,0.15433542,00
0.88813299,0.69702524,0.02764512,0.13180512,00
0.72175640,0.69330114,0.03622106,0.19068424,00
0.79803133,0.66794819,0.02457190,0.10118336,00
0.65437621,0.63548613,0.01189145,0.06158583,00

