0.83609873,0.58446348,0.06644610,0.03318289,25
0.39620352,0.44398761,0.01077891,0.03862613,09
0.26995620,0.44181365,0.01073991,0.03892289,09
0.48256564,0.41087487,0.01107633,0.03882651,09
0.22820102,0.38089666,0.01388820,0.04129169,09
0.89668071,0.49717045,0.02362685,0.06422852,09
0.25006893,0.61213034,0.12807073,0.10464763,07
0.35968915,0.80813122,0.36737597,0.36767462,02
0.87680453,0.67208183,0.13458878,0.09806566,02
0.02917128,0.60151833,0.05367608,0.05055310,02
0.97898370,0.67480391,0.04302561,0.08502198,02
0.90338057,0.89089137,0.20348603,0.22977856,02
0.75190878,0.69633561,0.03658625,0.17956813,00
0.19990258,0.64545321,0.04166555,0.15733726,00
0.72022295,0.69556463,0.03706099,0.19590986,00
0.62106788,0.64558089,0.01847741,0.09343565,00
0.53782481,0.67744118,0.03618600,0.15552424,00
0.07193840,0.66860926,0.05598577,0.22821300,00
0.88818127,0.69645613,0.02721140,0.13336562,00
0.65446776,0.63522744,0.01239536,0.06221351,00

