0.83560133,0.58528793,0.06807486,0.03422750,25
0.39616552,0.44459730,0.01096640,0.03895361,09
0.26999331,0.44185919,0.01080082,0.03886781,09
0.48253793,0.41086063,0.01106222,0.03892481,09
0.89654160,0.49769089,0.02395131,0.06565253,09
0.22839396,0.38102257,0.01404046,0.04062357,09
0.25431055,0.61430037,0.11968253,0.10320477,07
0.35943639,0.80870593,0.36740401,0.36922488,02
0.85919648,0.66914225,0.12176530,0.09266987,02
0.97876167,0.67757267,0.04205659,0.08611755,02
0.02874247,0.60113150,0.05281347,0.05484122,02
0.90345663,0.89079577,0.20316079,0.22614521,02
0.53349000,0.67645860,0.03531463,0.15792321,00
0.07113228,0.67187965,0.05574033,0.21988282,00
0.19692533,0.64443386,0.04321717,0.16089039,00
0.75103188,0.69334519,0.03791120,0.17538168,00
0.62137812,0.64472932,0.01854956,0.09289420,00
0.71843785,0.69430572,0.03656600,0.19547275,00
0.88837254,0.69493449,0.02649441,0.13628487,00

