0.83567214,0.58572751,0.06708404,0.03425662,25
0.26987401,0.44443020,0.01069290,0.04194140,09
0.39592606,0.44282231,0.01178004,0.03869078,09
0.48258597,0.41092855,0.01101507,0.03882009,09
0.89666981,0.49714079,0.02335822,0.06527199,09
0.22761746,0.38128737,0.01434079,0.04325558,09
0.25489613,0.61296672,0.12094285,0.10005703,07
0.36018255,0.80832738,0.36817074,0.36904579,02
0.85932863,0.67003304,0.12616284,0.09043693,02
0.97870648,0.67693621,0.04298681,0.08954795,02
0.90260297,0.89033765,0.20270571,0.22692932,02
0.02826978,0.60237825,0.05284544,0.05605074,02
0.06566953,0.67646497,0.05918980,0.22385688,00
0.19677335,0.64436144,0.04391548,0.16243650,00
0.74930280,0.69354248,0.03801394,0.18438627,00
0.53237236,0.67424393,0.03508124,0.16016926,00
0.88819546,0.69771272,0.02780536,0.13209906,00
0.62125927,0.64640516,0.01891856,0.09381922,00
0.71611673,0.69407398,0.03415569,0.19253580,00
0.48212549,0.63023603,0.01532775,0.05812111,00

