0.83644372,0.58537114,0.06777713,0.03409718,25
0.39592043,0.44259909,0.01187244,0.03856498,09
0.26986894,0.44415927,0.01097441,0.04113933,09
0.48253274,0.41086626,0.01106209,0.03888023,09
0.89659953,0.49742007,0.02356894,0.06642076,09
0.22762358,0.38128480,0.01430897,0.04300774,09
0.25673631,0.61183923,0.11961009,0.10161550,07
0.35891920,0.80942053,0.36759228,0.37033254,02
0.86010933,0.67029196,0.12771136,0.08869050,02
0.97889882,0.67508328,0.04304510,0.08584646,02
0.13967375,0.60193086,0.04722581,0.06355745,02
0.90250719,0.89173442,0.20074309,0.23160675,02
0.06327833,0.67392910,0.06277286,0.22348706,00
0.62132078,0.64646786,0.01841395,0.09216404,00
0.53091210,0.67638224,0.03616991,0.15904300,00
0.88742638,0.69639421,0.02863622,0.13190600,00
0.19858219,0.64374840,0.03923615,0.14906980,00
0.70842701,0.67615825,0.03009345,0.22623916,00
0.75901777,0.67919081,0.02195834,0.13060652,00
0.74861944,0.69391537,0.03349484,0.16934088,00
0.79307133,0.67305911,0.01967484,0.09580677,00
0.10886842,0.59891021,0.02821571,0.08192647,00

