0.69250554,0.48123953,0.22329254,0.22661328,02
0.48639894,0.51779014,0.18671378,0.25068879,02
0.30238461,0.44047555,0.08325193,0.11794309,02
0.34441856,0.40353066,0.03950423,0.04517008,02
0.39861834,0.40438575,0.03042351,0.04603222,02
0.37688056,0.39433774,0.01550670,0.02421697,02
0.41767588,0.39565805,0.01708042,0.02202095,02
0.36308455,0.39595741,0.01648010,0.02907253,02
0.44037256,0.40136671,0.02988094,0.02564161,02
0.49687362,0.87103122,1.02534151,0.25171235,02
0.47164974,0.40185964,0.03346713,0.02012686,02

