0.69392008,0.48212820,0.22758479,0.23255244,02
0.30084667,0.44040030,0.08280940,0.11748761,02
0.48357341,0.51650757,0.18803954,0.25571370,02
0.39884156,0.40455818,0.02988920,0.04706955,02
0.33900240,0.40378851,0.04030661,0.05166283,02
0.36216575,0.39512789,0.01637553,0.03026902,02
0.37783775,0.39298207,0.01549394,0.02350583,02
0.43811196,0.40067255,0.02844280,0.02786064,02
0.41849017,0.39244413,0.01619583,0.02014250,02
0.49655157,0.86913568,1.05866969,0.26632717,02
0.42756167,0.39701712,0.02570084,0.02441275,02
0.49621463,0.68690127,0.97200704,0.58663446,02

