0.29897562,0.44275522,0.08589365,0.11360774,02
0.69284928,0.48845583,0.22405994,0.24955015,02
0.47908893,0.51065987,0.18102190,0.24686809,02
0.44142061,0.39884850,0.02918863,0.02534349,02
0.40279284,0.41410318,0.03090392,0.06381412,02
0.37658477,0.39582208,0.02161352,0.02917986,02
0.42624152,0.39677280,0.01901027,0.02401620,02
0.48936772,0.87129706,1.03847432,0.27645323,02
0.34434384,0.40402097,0.03110654,0.05736332,02
0.38368601,0.39483485,0.01413100,0.02748598,02
0.47579157,0.40031201,0.03285849,0.02277948,02

